51840.b.10368.a1.a1:5:C5:[ 1, 1, 5, 5, 5, 5, 5 ]
51840.b.1080.a1.a1:48:C2*S4:[ 3, 12, 12 ]
51840.b.1080.b1.a1:48:C2*S4:[ 1, 4, 6, 8, 8 ]
51840.b.1080.c1.a1:48:C2*S4:[ 3, 12, 12 ]
51840.b.1080.e1.a1:48:C2*S4:[ 3, 12, 12 ]
51840.b.1080.f1.a1:48:C2*S4:[ 3, 6, 6, 12 ]
51840.b.1080.g1.a1:48:C2^2*A4:[ 3, 12, 12 ]
51840.b.1080.h1.a1:48:S3*D4:[ 1, 4, 4, 6, 12 ]
51840.b.1080.i1.a1:48:C2*S4:[ 1, 1, 1, 2, 6, 8, 8 ]
51840.b.1080.j1.a1:48:C2*S4:[ 1, 2, 2, 6, 8, 8 ]
51840.b.1080.k1.a1:48:C2*S4:[ 1, 2, 2, 4, 4, 6, 8 ]
51840.b.1080.l1.a1:48:C2*S4:[ 1, 2, 2, 6, 16 ]
51840.b.1080.m1.a1:48:C2*S4:[ 3, 12, 12 ]
51840.b.1080.n1.a1:48:SL(2,3):C2:[ 3, 24 ]
51840.b.1080.p1.a1:48:GL(2,3):[ 3, 24 ]
51840.b.1080.q1.a1:48:GL(2,3):[ 1, 2, 8, 16 ]
51840.b.1080.r1.a1:48:GL(2,3):[ 3, 24 ]
51840.b.1080.s1.a1:48:C2*S4:[ 1, 2, 2, 6, 16 ]
51840.b.1080.t1.a1:48:A4:C4:[ 1, 4, 6, 16 ]
51840.b.1080.u1.a1:48:C4*A4:[ 1, 4, 6, 16 ]
51840.b.1080.v1.a1:48:C2*S4:[ 1, 4, 6, 8, 8 ]
51840.b.1080.x1.a1:48:C2*S4:[ 3, 12, 12 ]
51840.b.1296.a1.a1:40:C2*F5:[ 2, 5, 10, 10 ]
51840.b.12960.a1.a1:4:C2^2:[ 1, 1, 1, 2, 2, 2, 2, 2, 2, 4, 4, 4 ]
51840.b.12960.b1.a1:4:C2^2:[ 1, 1, 1, 2, 2, 2, 2, 2, 2, 2, 2, 4, 4 ]
51840.b.12960.c1.a1:4:C2^2:[ 1, 1, 1, 1, 1, 1, 1, 2, 2, 2, 2, 2, 2, 2, 2, 4 ]
51840.b.12960.d1.a1:4:C2^2:[ 1, 1, 1, 2, 2, 2, 2, 4, 4, 4, 4 ]
51840.b.12960.e1.a1:4:C2^2:[ 1, 2, 2, 2, 4, 4, 4, 4, 4 ]
51840.b.12960.f1.a1:4:C4:[ 1, 1, 1, 4, 4, 4, 4, 4, 4 ]
51840.b.12960.g1.a1:4:C2^2:[ 1, 2, 2, 2, 2, 2, 4, 4, 4, 4 ]
51840.b.12960.h1.a1:4:C2^2:[ 1, 2, 2, 2, 2, 2, 4, 4, 4, 4 ]
51840.b.12960.h2.a1:4:C2^2:[ 1, 1, 1, 2, 2, 4, 4, 4, 4, 4 ]
51840.b.12960.i1.a1:4:C4:[ 1, 2, 2, 2, 4, 4, 4, 4, 4 ]
51840.b.12960.j1.a1:4:C4:[ 1, 1, 1, 1, 1, 2, 4, 4, 4, 4, 4 ]
51840.b.12960.k1.a1:4:C4:[ 1, 2, 2, 2, 4, 4, 4, 4, 4 ]
51840.b.12960.l1.a1:4:C2^2:[ 1, 1, 1, 1, 1, 2, 2, 2, 4, 4, 4, 4 ]
51840.b.12960.l2.a1:4:C2^2:[ 1, 1, 1, 2, 2, 2, 2, 2, 2, 4, 4, 4 ]
51840.b.135.a1.a1:384:C2wrA4.C2:[ 3, 24 ]
51840.b.135.b1.a1:384:C2^3:S4.C2:[ 1, 2, 8, 16 ]
51840.b.144.a1.a1:360:A6:[ 6, 6, 15 ]
51840.b.1440.a1.a1:36:C6*S3:[ 6, 9, 12 ]
51840.b.1440.b1.a1:36:C2*C3:S3:[ 3, 3, 6, 6, 9 ]
51840.b.1440.c1.a1:36:C6*S3:[ 3, 6, 18 ]
51840.b.1440.d1.a1:36:S3^2:[ 3, 3, 3, 18 ]
51840.b.1440.e1.a1:36:S3^2:[ 3, 6, 9, 9 ]
51840.b.1440.f1.a1:36:S3^2:[ 3, 3, 6, 6, 9 ]
51840.b.1440.g1.a1:36:C6*S3:[ 3, 3, 6, 6, 9 ]
51840.b.1440.h1.a1:36:S3^2:[ 3, 3, 3, 3, 3, 3, 9 ]
51840.b.1440.j1.a1:36:S3^2:[ 9, 18 ]
51840.b.1440.k1.a1:36:S3^2:[ 3, 6, 18 ]
51840.b.1440.l1.a1:36:S3^2:[ 6, 9, 12 ]
51840.b.1440.m1.a1:36:C6*S3:[ 3, 6, 18 ]
51840.b.1440.n1.a1:36:S3^2:[ 6, 6, 6, 9 ]
51840.b.1440.o1.a1:36:S3^2:[ 3, 6, 18 ]
51840.b.1440.p1.a1:36:S3^2:[ 6, 6, 6, 9 ]
51840.b.1440.q1.a1:36:C3:S3.C2:[ 6, 6, 6, 9 ]
51840.b.1440.r1.a1:36:C3:S3.C2:[ 6, 6, 6, 9 ]
51840.b.1440.s1.a1:36:S3^2:[ 3, 3, 6, 6, 9 ]
51840.b.160.a1.a1:324:C3wrS3:C2:[ 27 ]
51840.b.160.b1.a1:324:C3^3:C2^2:C3:[ 27 ]
51840.b.162.a1.a1:320:C2^4:C5:C4:[ 1, 10, 16 ]
51840.b.1620.a1.a1:32:C2^2:D4:[ 1, 2, 4, 4, 16 ]
51840.b.1620.b1.a1:32:C4*D4:[ 1, 2, 4, 4, 16 ]
51840.b.1620.c1.a1:32:C2^2wrC2:[ 1, 2, 4, 4, 16 ]
51840.b.1620.d1.a1:32:C2^2*D4:[ 1, 2, 2, 2, 4, 16 ]
51840.b.1620.e1.a1:32:C2^2wrC2:[ 1, 1, 1, 4, 4, 8, 8 ]
51840.b.1620.g1.a1:32:C8:C2^2:[ 1, 2, 8, 16 ]
51840.b.1620.h1.a1:32:C4wrC2:[ 1, 2, 8, 16 ]
51840.b.1620.i1.a1:32:C4:D4:[ 1, 2, 4, 4, 16 ]
51840.b.1620.j1.a1:32:C2^2.D4:[ 1, 1, 1, 8, 8, 8 ]
51840.b.1620.k1.a1:32:C2^2.D4:[ 1, 2, 8, 16 ]
51840.b.1620.l1.a1:32:C2^3.C4:[ 1, 2, 8, 16 ]
51840.b.1620.m1.a1:32:Q8:C2^2:[ 1, 1, 1, 8, 8, 8 ]
51840.b.1620.n1.a1:32:C2^2:D4:[ 1, 2, 4, 4, 16 ]
51840.b.1620.o1.a1:32:C2^2wrC2:[ 1, 2, 4, 4, 16 ]
51840.b.17280.a1.a1:3:C3:[ 3, 3, 3, 3, 3, 3, 3, 3, 3 ]
51840.b.17280.b1.a1:3:C3:[ 1, 1, 1, 1, 1, 1, 1, 1, 1, 3, 3, 3, 3, 3, 3 ]
51840.b.17280.c1.a1:3:C3:[ 3, 3, 3, 3, 3, 3, 3, 3, 3 ]
51840.b.1920.a1.a1:27:C9:C3:[ 27 ]
51840.b.1920.b1.a1:27:He3:[ 27 ]
51840.b.1920.c1.a1:27:C3^3:[ 9, 9, 9 ]
51840.b.216.a1.a1:240:C2*S5:[ 12, 15 ]
51840.b.2160.a1.a1:24:C2^2*S3:[ 3, 6, 6, 12 ]
51840.b.2160.b1.a1:24:C2*A4:[ 1, 2, 2, 4, 4, 6, 8 ]
51840.b.2160.ba1.a1:24:S4:[ 1, 2, 2, 4, 4, 6, 8 ]
51840.b.2160.bb1.a1:24:S4:[ 3, 6, 6, 12 ]
51840.b.2160.c1.a1:24:C2*A4:[ 3, 12, 12 ]
51840.b.2160.d1.a1:24:C3*D4:[ 1, 4, 4, 6, 12 ]
51840.b.2160.e1.a1:24:C3:D4:[ 1, 4, 4, 6, 12 ]
51840.b.2160.f1.a1:24:C2^2*S3:[ 1, 2, 2, 4, 6, 12 ]
51840.b.2160.g1.a1:24:C4*S3:[ 1, 4, 4, 6, 12 ]
51840.b.2160.h1.a1:24:C2*A4:[ 3, 6, 6, 12 ]
51840.b.2160.i1.a1:24:C2^2*S3:[ 1, 2, 2, 3, 3, 4, 6, 6 ]
51840.b.2160.j1.a1:24:S4:[ 1, 1, 1, 1, 1, 4, 4, 4, 4, 6 ]
51840.b.2160.k1.a1:24:C2*A4:[ 1, 1, 1, 2, 6, 8, 8 ]
51840.b.2160.l1.a1:24:C2*A4:[ 3, 12, 12 ]
51840.b.2160.m1.a1:24:D12:[ 3, 12, 12 ]
51840.b.2160.p1.a1:24:SL(2,3):[ 3, 24 ]
51840.b.2160.q1.a1:24:SL(2,3):[ 1, 1, 1, 8, 8, 8 ]
51840.b.2160.r1.a1:24:SL(2,3):[ 3, 24 ]
51840.b.2160.s1.a1:24:C3:D4:[ 1, 4, 4, 6, 12 ]
51840.b.2160.t1.a1:24:C2*A4:[ 1, 2, 2, 6, 8, 8 ]
51840.b.2160.u1.a1:24:S4:[ 3, 12, 12 ]
51840.b.2160.v1.a1:24:S4:[ 1, 2, 2, 6, 8, 8 ]
51840.b.2160.w1.a1:24:S4:[ 1, 1, 1, 2, 6, 8, 8 ]
51840.b.2160.x1.a1:24:S4:[ 3, 12, 12 ]
51840.b.2160.y1.a1:24:S4:[ 3, 6, 6, 12 ]
51840.b.2160.z1.a1:24:D12:[ 1, 4, 4, 6, 12 ]
51840.b.240.b1.a1:216:S3*C3:S3.C2:[ 9, 18 ]
51840.b.2592.a1.a1:20:D10:[ 2, 5, 5, 5, 10 ]
51840.b.2592.b1.a1:20:F5:[ 1, 1, 5, 5, 5, 10 ]
51840.b.2592.c1.a1:20:F5:[ 2, 5, 10, 10 ]
51840.b.25920.a1.a1:2:C2:[ 1, 1, 1, 1, 1, 1, 1, 1, 1, 1, 1, 1, 1, 1, 1, 2, 2, 2, 2, 2, 2 ]
51840.b.25920.b1.a1:2:C2:[ 1, 1, 1, 2, 2, 2, 2, 2, 2, 2, 2, 2, 2, 2, 2 ]
51840.b.25920.c1.a1:2:C2:[ 1, 1, 1, 1, 1, 1, 1, 2, 2, 2, 2, 2, 2, 2, 2, 2, 2 ]
51840.b.25920.d1.a1:2:C2:[ 1, 1, 1, 2, 2, 2, 2, 2, 2, 2, 2, 2, 2, 2, 2 ]
51840.b.27.a1.a1:1920:C2^4.S5:[ 1, 10, 16 ]
51840.b.270.a1.a1:192:C2wrA4:[ 3, 24 ]
51840.b.270.c1.a1:192:C2^3:S4:[ 1, 1, 1, 8, 8, 8 ]
51840.b.270.e1.a1:192:C2^3:A4:C2:[ 1, 2, 8, 16 ]
51840.b.270.f1.a1:192:C2^3:A4:C2:[ 3, 24 ]
51840.b.270.g1.a1:192:C2wrA4:[ 1, 2, 8, 16 ]
51840.b.270.h1.a1:192:C2^3:S4:[ 3, 24 ]
51840.b.2880.b1.a1:18:C3*S3:[ 3, 3, 3, 9, 9 ]
51840.b.2880.c1.a1:18:C3*S3:[ 3, 3, 3, 3, 3, 3, 9 ]
51840.b.2880.d1.a1:18:C3*C6:[ 3, 6, 18 ]
51840.b.2880.e1.a1:18:C3*S3:[ 9, 18 ]
51840.b.2880.f1.a1:18:C3*S3:[ 3, 3, 3, 18 ]
51840.b.2880.g1.a1:18:C3*S3:[ 6, 6, 6, 9 ]
51840.b.2880.h1.a1:18:C3*S3:[ 3, 6, 9, 9 ]
51840.b.2880.i1.a1:18:C3*S3:[ 3, 3, 6, 6, 9 ]
51840.b.2880.j1.a1:18:C3:S3:[ 3, 3, 3, 3, 3, 3, 9 ]
51840.b.2880.k1.a1:18:C3*S3:[ 9, 18 ]
51840.b.2880.l1.a1:18:C3*S3:[ 3, 6, 18 ]
51840.b.2880.m1.a1:18:C3*S3:[ 6, 6, 6, 9 ]
51840.b.2880.n1.a1:18:C3:S3:[ 9, 9, 9 ]
51840.b.2880.o1.a1:18:D9:[ 9, 9, 9 ]
51840.b.2880.p1.a1:18:C3:S3:[ 3, 3, 3, 18 ]
51840.b.2880.p2.a1:18:C3:S3:[ 3, 6, 9, 9 ]
51840.b.2880.q1.a1:18:C3:S3:[ 3, 3, 6, 6, 9 ]
51840.b.320.a1.a1:162:C3wrS3:[ 27 ]
51840.b.320.b1.a1:162:C3^3:C6:[ 27 ]
51840.b.320.b2.a1:162:C3wrC3:C2:[ 27 ]
51840.b.324.a1.a1:160:C2^4:D5:[ 1, 10, 16 ]
51840.b.3240.a1.a1:16:C2*D4:[ 1, 2, 4, 4, 8, 8 ]
51840.b.3240.b1.a1:16:C2*D4:[ 1, 2, 4, 4, 8, 8 ]
51840.b.3240.ba1.a1:16:C2*D4:[ 1, 2, 4, 4, 8, 8 ]
51840.b.3240.bb1.a1:16:C2^4:[ 1, 2, 2, 2, 2, 2, 16 ]
51840.b.3240.c1.a1:16:C2^2:C4:[ 1, 1, 1, 4, 4, 8, 8 ]
51840.b.3240.d1.a1:16:C2^2*C4:[ 1, 2, 4, 4, 8, 8 ]
51840.b.3240.e1.a1:16:C2*D4:[ 1, 2, 4, 4, 8, 8 ]
51840.b.3240.f1.a1:16:C2*D4:[ 1, 1, 1, 2, 2, 4, 8, 8 ]
51840.b.3240.g1.a1:16:C2*D4:[ 1, 2, 2, 2, 4, 8, 8 ]
51840.b.3240.h1.a1:16:C2^4:[ 1, 2, 2, 2, 4, 8, 8 ]
51840.b.3240.i1.a1:16:C2*D4:[ 1, 2, 4, 4, 4, 4, 8 ]
51840.b.3240.j1.a1:16:C2*D4:[ 1, 2, 2, 2, 4, 4, 4, 8 ]
51840.b.3240.k1.a1:16:C2^4:[ 1, 1, 1, 4, 4, 4, 4, 4, 4 ]
51840.b.3240.l1.a1:16:C2^2:C4:[ 1, 2, 4, 4, 16 ]
51840.b.3240.m1.a1:16:C2*D4:[ 1, 2, 4, 4, 16 ]
51840.b.3240.n1.a1:16:C4^2:[ 1, 2, 4, 4, 16 ]
51840.b.3240.o1.a1:16:OD16:[ 1, 2, 8, 16 ]
51840.b.3240.p1.a1:16:C4:C4:[ 1, 2, 4, 4, 16 ]
51840.b.3240.q1.a1:16:D8:[ 1, 2, 8, 8, 8 ]
51840.b.3240.r1.a1:16:C2*D4:[ 1, 2, 2, 2, 4, 16 ]
51840.b.3240.r2.a1:16:C2*D4:[ 1, 2, 4, 4, 8, 8 ]
51840.b.3240.s1.a1:16:D4:C2:[ 1, 1, 1, 8, 8, 8 ]
51840.b.3240.t1.a1:16:C2^2:C4:[ 1, 1, 1, 4, 4, 8, 8 ]
51840.b.3240.u1.a1:16:C2^2:C4:[ 1, 2, 4, 4, 16 ]
51840.b.3240.v1.a1:16:C2*D4:[ 1, 1, 1, 4, 4, 8, 8 ]
51840.b.3240.w1.a1:16:SD16:[ 1, 2, 8, 16 ]
51840.b.3240.x1.a1:16:C2*D4:[ 1, 2, 2, 2, 4, 16 ]
51840.b.3240.y1.a1:16:C2^2:C4:[ 1, 2, 4, 4, 16 ]
51840.b.3240.z1.a1:16:C2^2*C4:[ 1, 2, 2, 2, 4, 16 ]
51840.b.40.a1.a1:1296:C3^3:C2^2.D6:[ 27 ]
51840.b.405.a1.a1:128:C2wrD4:[ 1, 2, 8, 16 ]
51840.b.432.a1.a1:120:C2*A5:[ 2, 5, 10, 10 ]
51840.b.432.b1.a1:120:C2*A5:[ 12, 15 ]
51840.b.432.c1.a1:120:S5:[ 1, 1, 5, 5, 5, 10 ]
51840.b.432.d1.a1:120:S5:[ 12, 15 ]
51840.b.432.e1.a1:120:S5:[ 6, 6, 15 ]
51840.b.4320.a1.a1:12:C2*C6:[ 3, 6, 6, 12 ]
51840.b.4320.b1.a1:12:D6:[ 3, 3, 3, 6, 12 ]
51840.b.4320.c1.a1:12:D6:[ 1, 2, 2, 3, 3, 4, 6, 6 ]
51840.b.4320.d1.a1:12:D6:[ 3, 3, 3, 6, 6, 6 ]
51840.b.4320.e1.a1:12:C2*C6:[ 1, 2, 2, 3, 3, 4, 6, 6 ]
51840.b.4320.f1.a1:12:D6:[ 1, 1, 1, 2, 2, 2, 6, 6, 6 ]
51840.b.4320.g1.a1:12:D6:[ 1, 2, 2, 2, 2, 3, 3, 6, 6 ]
51840.b.4320.h1.a1:12:D6:[ 1, 1, 1, 2, 2, 2, 3, 3, 3, 3, 6 ]
51840.b.4320.i1.a1:12:D6:[ 3, 6, 6, 12 ]
51840.b.4320.j1.a1:12:D6:[ 1, 2, 2, 4, 6, 12 ]
51840.b.4320.k1.a1:12:D6:[ 3, 6, 6, 12 ]
51840.b.4320.l1.a1:12:C12:[ 3, 12, 12 ]
51840.b.4320.m1.a1:12:C2*C6:[ 1, 2, 2, 4, 6, 12 ]
51840.b.4320.n1.a1:12:D6:[ 3, 6, 6, 12 ]
51840.b.4320.o1.a1:12:D6:[ 3, 6, 6, 6, 6 ]
51840.b.4320.p1.a1:12:D6:[ 1, 2, 2, 4, 6, 12 ]
51840.b.4320.q1.a1:12:C12:[ 1, 4, 4, 6, 12 ]
51840.b.4320.r1.a1:12:C3:C4:[ 1, 4, 4, 6, 12 ]
51840.b.4320.s1.a1:12:D6:[ 3, 6, 6, 6, 6 ]
51840.b.4320.t1.a1:12:A4:[ 1, 1, 1, 1, 1, 4, 4, 4, 4, 6 ]
51840.b.4320.u1.a1:12:A4:[ 3, 6, 6, 12 ]
51840.b.4320.v1.a1:12:D6:[ 1, 2, 2, 3, 3, 4, 6, 6 ]
51840.b.480.c1.a1:108:C3*S3^2:[ 9, 9, 9 ]
51840.b.480.f1.a1:108:C3.S3^2:[ 27 ]
51840.b.5184.a1.a1:10:C10:[ 2, 5, 5, 5, 10 ]
51840.b.5184.b1.a1:10:D5:[ 1, 1, 5, 5, 5, 5, 5 ]
51840.b.5184.c1.a1:10:D5:[ 2, 5, 5, 5, 10 ]
51840.b.51840.a1.a1:1:C1:[ 1, 1, 1, 1, 1, 1, 1, 1, 1, 1, 1, 1, 1, 1, 1, 1, 1, 1, 1, 1, 1, 1, 1, 1, 1, 1, 1 ]
51840.b.54.a1.a1:960:C2^4.A5:[ 1, 10, 16 ]
51840.b.540.a1.a1:96:GL(2,Z/4):[ 1, 4, 6, 16 ]
51840.b.540.b1.a1:96:D4*A4:[ 1, 4, 6, 16 ]
51840.b.540.c1.a1:96:C2^2*S4:[ 3, 12, 12 ]
51840.b.540.j1.a1:96:C2^3:A4:[ 1, 1, 1, 8, 8, 8 ]
51840.b.540.k1.a1:96:C2^3:A4:[ 3, 24 ]
51840.b.5760.a1.a1:9:C3^2:[ 9, 9, 9 ]
51840.b.5760.b1.a1:9:C9:[ 9, 9, 9 ]
51840.b.5760.c1.a1:9:C3^2:[ 3, 3, 3, 9, 9 ]
51840.b.5760.d1.a1:9:C3^2:[ 3, 3, 3, 3, 3, 3, 9 ]
51840.b.640.a1.a1:81:C3wrC3:[ 27 ]
51840.b.648.a1.a1:80:C2^4:C5:[ 1, 10, 16 ]
51840.b.6480.a1.a1:8:C2^3:[ 1, 2, 2, 2, 4, 4, 4, 8 ]
51840.b.6480.b1.a1:8:C2*C4:[ 1, 2, 4, 4, 4, 4, 8 ]
51840.b.6480.c1.a1:8:C2*C4:[ 1, 2, 2, 2, 4, 4, 4, 8 ]
51840.b.6480.d1.a1:8:C2^3:[ 1, 2, 2, 2, 2, 2, 4, 4, 8 ]
51840.b.6480.d2.a1:8:C2^3:[ 1, 1, 1, 4, 4, 4, 4, 4, 4 ]
51840.b.6480.e1.a1:8:C2^3:[ 1, 1, 1, 2, 2, 4, 4, 4, 4, 4 ]
51840.b.6480.f1.a1:8:D4:[ 1, 2, 2, 2, 4, 4, 4, 4, 4 ]
51840.b.6480.g1.a1:8:D4:[ 1, 2, 2, 2, 4, 4, 4, 4, 4 ]
51840.b.6480.h1.a1:8:D4:[ 1, 1, 1, 1, 1, 2, 4, 4, 4, 4, 4 ]
51840.b.6480.i1.a1:8:C2^3:[ 1, 1, 1, 2, 2, 2, 2, 2, 2, 4, 4, 4 ]
51840.b.6480.j1.a1:8:C2^3:[ 1, 2, 2, 2, 4, 8, 8 ]
51840.b.6480.k1.a1:8:C2*C4:[ 1, 1, 1, 4, 4, 8, 8 ]
51840.b.6480.l1.a1:8:C2*C4:[ 1, 2, 2, 2, 4, 8, 8 ]
51840.b.6480.m1.a1:8:C2*C4:[ 1, 1, 1, 2, 2, 4, 8, 8 ]
51840.b.6480.n1.a1:8:C2*C4:[ 1, 2, 4, 4, 8, 8 ]
51840.b.6480.o1.a1:8:D4:[ 1, 1, 1, 4, 4, 4, 4, 8 ]
51840.b.6480.p1.a1:8:C2^3:[ 1, 1, 1, 2, 2, 2, 2, 8, 8 ]
51840.b.6480.p2.a1:8:C2^3:[ 1, 1, 1, 4, 4, 4, 4, 4, 4 ]
51840.b.6480.q1.a1:8:D4:[ 1, 2, 4, 4, 8, 8 ]
51840.b.6480.r1.a1:8:C8:[ 1, 2, 8, 8, 8 ]
51840.b.6480.s1.a1:8:Q8:[ 1, 1, 1, 8, 8, 8 ]
51840.b.6480.t1.a1:8:D4:[ 1, 2, 2, 2, 4, 8, 8 ]
51840.b.6480.u1.a1:8:D4:[ 1, 2, 4, 4, 4, 4, 8 ]
51840.b.6480.v1.a1:8:C2^3:[ 1, 2, 2, 2, 2, 2, 8, 8 ]
51840.b.6480.w1.a1:8:D4:[ 1, 2, 4, 4, 8, 8 ]
51840.b.6480.x1.a1:8:D4:[ 1, 2, 4, 4, 4, 4, 8 ]
51840.b.6480.x2.a1:8:D4:[ 1, 2, 2, 2, 4, 8, 8 ]
51840.b.6480.y1.a1:8:D4:[ 1, 1, 1, 2, 2, 4, 8, 8 ]
51840.b.6480.y2.a1:8:D4:[ 1, 2, 2, 2, 4, 4, 4, 8 ]
51840.b.6480.z1.a1:8:D4:[ 1, 2, 2, 2, 4, 4, 4, 8 ]
51840.b.72.b1.a1:720:S6:[ 6, 6, 15 ]
51840.b.72.c1.a1:720:S6:[ 12, 15 ]
51840.b.720.a1.a1:72:C2*S3^2:[ 6, 9, 12 ]
51840.b.720.c1.a1:72:C2*S3^2:[ 3, 6, 18 ]
51840.b.720.d1.a1:72:S3wrC2:[ 6, 6, 6, 9 ]
51840.b.720.e1.a1:72:S3wrC2:[ 6, 6, 6, 9 ]
51840.b.720.h1.a1:72:S3wrC2:[ 6, 9, 12 ]
51840.b.720.i1.a1:72:S3wrC2:[ 6, 9, 12 ]
51840.b.80.a1.a1:648:S3wrC3:[ 27 ]
51840.b.80.c1.a1:648:C3^3.S4:[ 27 ]
51840.b.80.d1.a1:648:C3^3.S4:[ 27 ]
51840.b.810.a1.a1:64:C2wrC4:[ 1, 2, 8, 16 ]
51840.b.810.b1.a1:64:C2wrC2^2:[ 1, 1, 1, 8, 8, 8 ]
51840.b.810.c1.a1:64:D4^2:[ 1, 2, 4, 4, 16 ]
51840.b.810.d1.a1:64:C4^2:C4:[ 1, 2, 8, 16 ]
51840.b.810.e1.a1:64:D4:D4:[ 1, 2, 8, 16 ]
51840.b.810.f1.a1:64:C2wrC4:[ 1, 2, 8, 16 ]
51840.b.810.g1.a1:64:C2wrC2^2:[ 1, 2, 8, 16 ]
51840.b.864.a1.a1:60:A5:[ 1, 1, 5, 5, 5, 10 ]
51840.b.864.b1.a1:60:A5:[ 6, 6, 15 ]
51840.b.8640.a1.a1:6:C6:[ 1, 1, 1, 2, 2, 2, 3, 3, 3, 3, 6 ]
51840.b.8640.b1.a1:6:C6:[ 3, 3, 3, 3, 3, 6, 6 ]
51840.b.8640.c1.a1:6:S3:[ 1, 1, 1, 1, 1, 1, 1, 1, 1, 3, 3, 3, 3, 3, 3 ]
51840.b.8640.d1.a1:6:C6:[ 3, 6, 6, 6, 6 ]
51840.b.8640.e1.a1:6:C6:[ 1, 1, 1, 2, 2, 2, 6, 6, 6 ]
51840.b.8640.f1.a1:6:C6:[ 3, 6, 6, 6, 6 ]
51840.b.8640.g1.a1:6:S3:[ 3, 3, 3, 6, 6, 6 ]
51840.b.8640.h1.a1:6:C6:[ 1, 2, 2, 2, 2, 3, 3, 6, 6 ]
51840.b.8640.i1.a1:6:S3:[ 1, 1, 1, 2, 2, 2, 3, 3, 3, 3, 6 ]
51840.b.8640.j1.a1:6:S3:[ 3, 3, 3, 3, 3, 3, 3, 6 ]
51840.b.8640.k1.a1:6:C6:[ 3, 6, 6, 6, 6 ]
51840.b.8640.l1.a1:6:S3:[ 3, 3, 3, 6, 6, 6 ]
51840.b.8640.m1.a1:6:S3:[ 1, 2, 2, 2, 2, 3, 3, 6, 6 ]
51840.b.8640.m2.a1:6:S3:[ 1, 1, 1, 2, 2, 2, 6, 6, 6 ]
51840.b.8640.n1.a1:6:S3:[ 3, 3, 3, 6, 6, 6 ]
51840.b.8640.n2.a1:6:S3:[ 3, 3, 3, 6, 6, 6 ]
51840.b.960.a1.a1:54:C3^2*S3:[ 9, 9, 9 ]
51840.b.960.c1.a1:54:C3^2:S3:[ 27 ]
51840.b.960.e1.a1:54:D9:C3:[ 27 ]
51840.b.960.f1.a1:54:He3:C2:[ 27 ]
51840.b.960.h1.a1:54:C3^3:C2:[ 9, 9, 9 ]
