51840.b.80.b1.a1:[ -1, 4, -8, 8, 2, -19, 31, -23, -4, 32, -43, 36, -26, 18, -6, -11, 21, -21, 16, -10, 2, 5, -8, 8, -8, 7, -4, 1 ]
51840.b.90.a1.a1:[ 140744447493273576, -3264166968949836, -74587197450512718, -6435073782379053, 13818780038257335, 1892230017738201, -1386741575558034, -243959501787561, 90858333639591, 19328645710647, -4345797276954, -1064795198373, 162112916457, 42679231830, -4836095766, -1247212836, 114728661, 25909632, -2105316, -362952, 28170, 3081, -243, -12, 1 ]
51840.b.90.b1.a1:[ -53146368, 0, -83984384, 0, -101320640, 0, -31745125, 0, -2513684, 0, 470588, 0, 488155, 0, 7320, 0, -456, 0, -567, 0, 60, 0, 12, 0, 1 ]
51840.b.90.c1.a1:[ 1, -2, 4, 5, -18, 50, -37, 12, 90, -100, 110, 20, -14, 20, 110, -100, 90, 12, -37, 50, -18, 5, 4, -2, 1 ]
51840.b.120.b1.a1:[ 60, -168, -576, 1108, 2904, -3720, 2416, -6360, -9225, -134, -14232, -2691, -6764, -10944, -1632, -9548, -2046, -2772, -1880, 414, -684, 472, -96, 132, -5, 18, 0, 1 ]
51840.b.180.a1.a1:[ 19521953125, -247423203125, 813595695625, -868065918875, -497621933800, 2050096488700, -1935920465175, 619083143160, 252005917268, -279659056307, 67397009982, 18423307703, -13238659470, 1525753686, 652807684, -196025839, -3776038, 7741699, -584464, -140596, 18714, 1147, -227, -3, 1 ]
51840.b.240.h1.a1:[ -1100368494193664, -2597845241587840, -3746838481608704, -3791615083616272, -2983594491931392, -1919861116350560, -1031540946151552, -472260135706504, -185888602633120, -63219827809616, -18588073200976, -4713580719935, -1026290867440, -188435501344, -27911932848, -2783927820, 67920816, 101895296, 27431696, 4670038, 561456, 51200, -6160, -2020, -208, -48, 0, 1 ]
51840.b.240.i1.a1:[ 1, -16, 121, -591, 2112, -5892, 13348, -25228, 40594, -56608, 69830, -78518, 83950, -88908, 94062, -95966, 89517, -72948, 50205, -28295, 12506, -3944, 602, 178, -159, 56, -11, 1 ]
51840.b.270.d1.a1:[ -31, 0, 0, 0, 162, 0, 0, 0, -135, 0, 0, 0, -270, 0, 0, 0, 30, 0, 0, 0, 0, 0, 0, 0, 1 ]
51840.b.2160.n1.a1:[-613,2315,18145,-20667,-158904,38695,592301,65460,-1065426,-171729,1111619,103497,-722604,12393,293763,-38476,-71810,17112,9537,-3397,-499,305,-10,-9,1]
51840.b.1.a1.a1:[16,-105,468,-1779,4704,-11814,29328,-47970,45552,-23718,-2784,27606,-40080,34248,-19824,6564,2304,-5598,4608,-2346,624,246,-480,378,-192,63,-12,1]
