1:1:[0,1]
2:1:[1,-1,1]
2:1:[1,0,1]
2:1:[-1,-1,1]
2:1:[2,-1,1]
2:1:[2,0,1]
2:1:[-2,0,1]
2:1:[3,-1,1]
2:1:[-3,0,1]
2:1:[-3,-1,1]
2:1:[4,-1,1]
3:1:[1,-2,-1,1]
3:1:[-1,-3,0,1]
3:1:[-1,-4,-1,1]
3:1:[7,-6,-1,1]
3:1:[8,-10,-1,1]
3:1:[-11,-12,-1,1]
3:1:[-8,-14,-1,1]
3:1:[9,-20,-1,1]
3:1:[-28,-21,0,1]
3:1:[-35,-21,0,1]
3:2:[1,0,-1,1]
3:2:[-1,1,0,1]
3:2:[1,1,-1,1]
3:2:[-1,2,0,1]
3:2:[-2,-2,0,1]
3:2:[-2,1,-1,1]
3:2:[1,2,-1,1]
3:2:[-2,-1,0,1]
3:2:[-2,3,-1,1]
3:2:[-2,0,0,1]
4:1:[1,-1,1,-1,1]
4:1:[1,4,-4,-1,1]
4:1:[5,0,-5,0,1]
4:1:[2,0,4,0,1]
4:1:[2,0,-4,0,1]
4:1:[3,4,2,-1,1]
4:1:[1,1,-6,-1,1]
4:1:[11,9,-9,-1,1]
4:1:[20,0,10,0,1]
4:1:[20,0,-10,0,1]
4:2:[1,0,-1,0,1]
4:2:[1,1,2,-1,1]
4:2:[1,0,0,0,1]
4:2:[1,0,3,0,1]
4:2:[4,-2,-1,-1,1]
4:2:[4,0,-2,0,1]
4:2:[4,0,2,0,1]
4:2:[4,0,-3,0,1]
4:2:[9,-3,-2,-1,1]
4:2:[4,2,5,-1,1]
4:3:[1,1,-1,-1,1]
4:3:[1,2,0,-1,1]
4:3:[1,-2,1,0,1]
4:3:[-1,2,0,-1,1]
4:3:[2,0,0,-2,1]
4:3:[3,0,-2,-1,1]
4:3:[1,1,0,-1,1]
4:3:[-1,0,-1,0,1]
4:3:[3,0,-3,0,1]
4:3:[1,-2,1,-2,1]
4:4:[2,0,2,-2,1]
4:4:[4,-3,0,-1,1]
4:4:[2,-4,6,-2,1]
4:4:[3,-4,5,-1,1]
4:4:[2,4,2,-2,1]
4:4:[14,-2,7,0,1]
4:4:[4,-7,3,0,1]
4:4:[2,-8,10,-2,1]
4:4:[8,-5,6,-1,1]
4:4:[9,2,-7,-1,1]
4:5:[1,-1,0,0,1]
4:5:[1,-1,1,0,1]
4:5:[-1,-1,0,0,1]
4:5:[-1,1,1,-1,1]
4:5:[-1,3,-1,-1,1]
4:5:[-1,-1,1,-1,1]
4:5:[1,-2,2,0,1]
4:5:[1,-2,0,-1,1]
4:5:[-1,-2,0,0,1]
4:5:[2,-1,2,-1,1]
5:1:[-1,3,3,-4,-1,1]
5:1:[-1,10,-5,-10,0,1]
5:1:[-5,1,21,-12,-1,1]
5:1:[9,21,-5,-16,-1,1]
5:1:[13,41,17,-24,-1,1]
5:1:[-1,25,-37,-28,-1,1]
5:1:[17,-21,-93,-40,-1,1]
5:1:[-193,109,89,-52,-1,1]
5:1:[-128,784,12,-60,-1,1]
5:1:[49,223,123,-72,-1,1]
5:2:[1,0,-1,2,-2,1]
5:2:[-1,3,-2,1,-1,1]
5:2:[1,1,-3,3,-2,1]
5:2:[-1,3,-1,0,-1,1]
5:2:[-1,3,1,-2,-1,1]
5:2:[2,1,-1,2,-1,1]
5:2:[-1,3,0,-1,-1,1]
5:2:[-3,1,-3,1,0,1]
5:2:[2,-1,3,0,-1,1]
5:2:[4,3,-2,-1,0,1]
5:3:[-1,1,-4,2,-1,1]
5:3:[1,3,1,0,-1,1]
5:3:[-2,0,0,0,0,1]
5:3:[-1,5,0,5,0,1]
5:3:[13,-1,4,4,-1,1]
5:3:[-10,-1,8,-2,-2,1]
5:3:[-3,2,1,-2,-1,1]
5:3:[-2,5,0,5,0,1]
5:3:[-4,-1,-4,2,0,1]
5:3:[-3,0,0,0,0,1]
5:4:[2,-2,2,0,-1,1]
5:4:[-1,1,2,1,-1,1]
5:4:[2,3,-2,-2,0,1]
5:4:[2,-1,3,-1,-2,1]
5:4:[-8,10,-8,6,-2,1]
5:4:[-1,5,-4,3,-1,1]
5:4:[-4,-6,-4,-2,0,1]
5:4:[-5,4,1,0,-2,1]
5:4:[-1,5,-3,3,-1,1]
5:4:[-2,1,-5,1,-2,1]
5:5:[1,1,-1,-1,0,1]
5:5:[1,-1,1,0,-1,1]
5:5:[-1,1,-2,1,-1,1]
5:5:[-1,0,-1,1,-1,1]
5:5:[-1,0,-2,1,0,1]
5:5:[-1,2,-1,1,-1,1]
5:5:[-1,-1,0,0,0,1]
5:5:[1,0,-1,0,0,1]
5:5:[-1,2,0,-1,0,1]
5:5:[-1,0,-1,0,0,1]
6:1:[1,-1,1,-1,1,-1,1]
6:1:[1,0,0,-1,0,0,1]
6:1:[1,-2,5,0,3,-1,1]
6:1:[1,0,6,0,5,0,1]
6:1:[-1,-2,7,2,-7,-1,1]
6:1:[-1,-3,6,4,-5,-1,1]
6:1:[1,0,9,0,6,0,1]
6:1:[1,-8,8,6,-6,-1,1]
6:1:[1,4,15,6,5,-1,1]
6:1:[-1,3,9,-4,-9,0,1]
6:3:[1,0,1,-2,1,-1,1]
6:3:[1,-3,5,-4,4,-1,1]
6:3:[1,1,1,-2,-1,0,1]
6:3:[2,-4,4,-2,2,-2,1]
6:3:[1,0,2,0,1,0,1]
6:3:[1,1,2,-3,0,-1,1]
6:3:[2,2,1,-2,0,0,1]
6:3:[3,0,-3,0,3,-3,1]
6:3:[1,0,1,0,-2,0,1]
6:3:[-1,0,3,4,-1,-1,1]
6:5:[1,-3,4,-2,1,-1,1]
6:5:[1,2,0,-2,-1,0,1]
6:5:[1,1,-2,-1,4,-3,1]
6:5:[1,2,-2,-2,4,-3,1]
6:5:[1,0,2,-2,3,-2,1]
6:5:[1,-5,6,3,-4,-1,1]
6:5:[1,-4,3,4,-2,-2,1]
6:5:[7,0,0,-1,0,0,1]
6:5:[1,1,3,-2,-1,0,1]
6:5:[3,0,-2,0,4,-3,1]
6:6:[1,-2,2,-3,2,-2,1]
6:6:[-1,3,-4,3,1,-2,1]
6:6:[-1,1,1,-5,5,-3,1]
6:6:[-1,3,2,-2,-1,-1,1]
6:6:[-1,3,-3,1,3,-3,1]
6:6:[-1,3,3,-2,-3,0,1]
6:6:[1,-2,0,1,0,-2,1]
6:6:[1,0,-2,0,-1,0,1]
6:6:[1,1,-3,3,1,-3,1]
6:6:[-1,3,3,-4,1,-2,1]
6:9:[1,-4,2,-4,2,-2,1]
6:9:[1,2,7,-2,1,-3,1]
6:9:[1,4,3,0,3,-1,1]
6:9:[1,-2,1,-4,3,-2,1]
6:9:[-2,0,2,-2,4,-2,1]
6:9:[5,6,9,0,-3,-2,1]
6:9:[1,2,-3,0,3,-2,1]
6:9:[1,-6,15,-10,6,-2,1]
6:9:[2,0,0,-1,0,0,1]
6:9:[1,-4,1,-6,5,-2,1]
6:10:[5,0,-4,-1,1,-1,1]
6:10:[1,-5,6,-2,4,-1,1]
6:10:[2,-4,6,0,-1,-2,1]
6:10:[-1,-6,-6,-7,1,-1,1]
6:10:[-3,0,6,1,-3,-1,1]
6:10:[-1,9,4,-2,6,-1,1]
6:10:[-11,3,9,-1,-6,0,1]
6:10:[1,-9,9,-3,6,0,1]
6:10:[-1,-11,-21,-12,1,-1,1]
6:10:[-5,15,0,-10,4,-1,1]
6:11:[1,-2,2,-2,2,-1,1]
6:11:[1,-1,0,2,-1,-1,1]
6:11:[1,0,2,-1,2,0,1]
6:11:[1,1,1,-2,0,-1,1]
6:11:[1,-1,0,2,0,-1,1]
6:11:[1,-1,2,0,2,-1,1]
6:11:[-1,-2,0,3,0,-2,1]
6:11:[1,-1,3,-1,3,-1,1]
6:11:[1,3,2,-1,-1,0,1]
6:11:[-1,0,1,-3,4,-3,1]
6:13:[1,1,-1,0,0,-1,1]
6:13:[1,-2,0,3,-1,-1,1]
6:13:[1,0,-1,0,2,-2,1]
6:13:[1,-2,1,-1,1,0,1]
6:13:[1,-2,-1,3,0,-1,1]
6:13:[-1,1,-2,0,1,-1,1]
6:13:[1,3,3,-2,-3,0,1]
6:13:[1,2,0,-2,0,-1,1]
6:13:[1,0,-1,2,-1,-1,1]
6:13:[1,-4,3,4,-3,-1,1]
6:15:[-1,-2,1,0,-2,0,1]
6:15:[4,-3,0,-3,0,0,1]
6:15:[-1,6,-8,4,1,-2,1]
6:15:[-1,0,-3,-1,0,0,1]
6:15:[-1,-7,4,-5,2,-1,1]
6:15:[-2,3,-5,3,0,-1,1]
6:15:[-1,2,-4,1,1,-1,1]
6:15:[-4,2,-3,0,2,-1,1]
6:15:[2,3,-3,0,3,-3,1]
6:15:[-2,-2,2,4,-1,-3,1]
6:16:[1,0,-1,1,0,-1,1]
6:16:[1,-1,2,-2,1,-1,1]
6:16:[1,-1,0,-1,1,0,1]
6:16:[1,-1,3,-2,2,-1,1]
6:16:[1,-2,3,-2,1,-1,1]
6:16:[-1,2,-1,0,1,-1,1]
6:16:[1,1,-2,1,1,-2,1]
6:16:[1,1,1,-1,-1,0,1]
6:16:[1,2,0,-1,-2,0,1]
6:16:[1,-1,2,-1,1,-1,1]
8:1:[1,4,-10,-10,15,6,-7,-1,1]
8:1:[2,0,16,0,20,0,8,0,1]
8:1:[2,0,-16,0,20,0,-8,0,1]
8:1:[103,-47,58,-61,15,-11,10,-1,1]
8:1:[17,0,85,0,68,0,17,0,1]
8:1:[162,0,432,0,180,0,24,0,1]
8:1:[162,0,-432,0,180,0,-24,0,1]
8:1:[59,160,153,53,44,-11,3,-1,1]
8:1:[-169,429,-214,-197,151,23,-24,-1,1]
8:1:[1157,-846,500,-350,151,-28,27,-1,1]
8:2:[1,-1,0,1,-1,1,0,-1,1]
8:2:[1,0,-1,0,1,0,-1,0,1]
8:2:[1,0,0,0,0,0,0,0,1]
8:2:[16,-8,-4,6,-1,3,-1,-1,1]
8:2:[16,0,-8,0,4,0,-2,0,1]
8:2:[16,0,8,0,4,0,2,0,1]
8:2:[81,-27,-18,15,1,5,-2,-1,1]
8:2:[1,0,24,0,26,0,9,0,1]
8:2:[25,0,25,0,20,0,5,0,1]
8:2:[81,0,27,0,9,0,3,0,1]
8:3:[1,0,0,0,-1,0,0,0,1]
8:3:[1,0,-3,0,8,0,-3,0,1]
8:3:[1,0,0,0,7,0,0,0,1]
8:3:[16,0,12,0,5,0,3,0,1]
8:3:[16,8,-16,18,23,-9,-4,-1,1]
8:3:[16,0,0,0,1,0,0,0,1]
8:3:[16,0,24,0,32,0,6,0,1]
8:3:[16,0,-24,0,32,0,-6,0,1]
8:3:[81,0,45,0,16,0,5,0,1]
8:3:[16,0,-36,0,37,0,-9,0,1]
8:5:[9,0,36,0,36,0,12,0,1]
8:5:[9,0,-36,0,36,0,-12,0,1]
8:5:[4561,-3069,1528,-450,201,-60,22,-3,1]
8:5:[-395,1345,-1090,-305,361,29,-34,-1,1]
8:5:[5625,0,4500,0,900,0,60,0,1]
8:5:[5625,0,-4500,0,900,0,-60,0,1]
8:5:[-109,-932,-2038,-220,581,40,-47,-1,1]
8:5:[21609,0,12348,0,1764,0,84,0,1]
8:5:[21609,0,-12348,0,1764,0,-84,0,1]
8:5:[121,0,484,0,308,0,44,0,1]
8:6:[1,-3,6,-6,5,-3,3,-3,1]
8:6:[-1,2,2,-1,-2,1,0,-1,1]
8:6:[1,1,-1,-4,1,4,-1,-1,1]
8:6:[1,2,-1,-2,0,0,3,0,1]
8:6:[1,-3,6,-9,5,0,0,0,1]
8:6:[1,-2,6,-6,6,2,-2,-2,1]
8:6:[1,-1,1,-6,9,-6,1,-1,1]
8:6:[-4,0,0,0,-1,0,0,0,1]
8:6:[1,-2,-5,-6,6,6,-3,-2,1]
8:6:[-1,8,-9,1,7,-10,7,-3,1]
8:7:[1,1,-13,13,-5,2,2,-1,1]
8:7:[2,0,0,0,-12,0,-8,0,1]
8:7:[5,0,20,0,25,0,10,0,1]
8:7:[5,0,-10,0,-15,0,0,0,1]
8:7:[5,0,10,0,-15,0,0,0,1]
8:7:[5,0,-20,0,25,0,-10,0,1]
8:7:[-1,10,-31,35,-26,9,5,-3,1]
8:7:[61,12,73,-36,45,-21,13,-3,1]
8:7:[1,31,-13,-62,40,17,-13,-1,1]
8:7:[11,-34,-33,38,25,-13,-13,-1,1]
8:8:[1,-6,-7,5,1,0,2,-2,1]
8:8:[-3,0,0,0,6,0,0,0,1]
8:8:[1,-5,1,-2,7,-5,1,-2,1]
8:8:[-1,0,0,0,-2,0,0,0,1]
8:8:[-3,0,0,0,-6,0,0,0,1]
8:8:[-2,0,0,0,0,0,0,0,1]
8:8:[-5,10,5,-15,6,14,-4,-1,1]
8:8:[-7,0,-4,0,4,0,4,0,1]
8:8:[-7,0,4,0,4,0,-4,0,1]
8:8:[-5,-20,-30,-20,-4,2,-1,-2,1]
8:9:[1,-4,8,-8,7,-8,8,-4,1]
8:9:[1,0,-3,0,2,0,0,0,1]
8:9:[1,2,3,2,0,-4,-1,0,1]
8:9:[1,-2,4,-2,3,-4,1,-1,1]
8:9:[2,-8,8,4,-8,0,6,-4,1]
8:9:[1,-2,0,-4,11,-4,0,-2,1]
8:9:[1,-1,-4,3,11,3,-4,-1,1]
8:9:[1,0,-5,0,9,0,-5,0,1]
8:9:[1,0,1,0,4,0,1,0,1]
8:9:[4,-4,14,-18,23,-18,11,-4,1]
8:10:[1,-1,4,-7,9,-9,6,-3,1]
8:10:[1,0,-3,0,4,0,-2,0,1]
8:10:[1,3,2,-5,1,5,-2,-1,1]
8:10:[1,3,5,3,4,-3,5,-3,1]
8:10:[1,4,4,-12,-1,6,1,-3,1]
8:10:[16,-24,8,0,1,0,2,-3,1]
8:10:[3,3,2,-2,7,-8,6,-3,1]
8:10:[25,-25,35,-35,26,-17,9,-3,1]
8:10:[25,-25,-10,5,11,-7,4,-3,1]
8:10:[16,0,-24,0,16,0,-4,0,1]
8:11:[1,-4,7,-3,-2,1,3,-3,1]
8:11:[1,-4,5,2,-8,4,2,-2,1]
8:11:[1,0,-4,0,5,0,-2,0,1]
8:11:[1,3,1,-3,0,3,1,-3,1]
8:11:[1,-6,15,-16,7,0,1,-2,1]
8:11:[2,8,16,16,6,-4,-4,0,1]
8:11:[1,-6,12,-8,1,0,1,-1,1]
8:11:[1,-2,-1,0,-5,0,-1,-2,1]
8:11:[13,-4,-22,8,10,-2,-1,-2,1]
8:11:[9,0,-18,0,18,0,-6,0,1]
8:12:[16,-8,4,-8,5,-4,1,-1,1]
8:12:[-1,32,-23,-41,32,13,-11,-1,1]
8:12:[16,0,4,-6,-3,-3,1,0,1]
8:12:[4,16,-1,-38,4,23,-4,-4,1]
8:12:[12,34,31,7,-6,1,5,-4,1]
8:12:[81,0,-9,-6,-5,-2,-1,0,1]
8:12:[3,9,-38,-73,48,24,-13,-2,1]
8:12:[256,0,-80,-12,28,-3,-5,0,1]
8:12:[9,0,-38,0,47,0,-15,0,1]
8:12:[1,0,-14,0,23,0,-9,0,1]
8:15:[5,-14,21,-20,13,-6,3,-2,1]
8:15:[1,6,12,4,-2,-4,-1,0,1]
8:15:[-1,0,-2,0,5,0,-4,0,1]
8:15:[-1,0,0,0,-1,0,0,0,1]
8:15:[1,0,1,-2,5,-2,1,0,1]
8:15:[1,-4,2,8,-8,-2,7,-4,1]
8:15:[1,-2,4,-5,1,-5,4,-2,1]
8:15:[1,-1,1,-4,1,-4,1,-1,1]
8:15:[3,0,0,0,-3,0,0,0,1]
8:15:[3,0,-12,0,15,0,-6,0,1]
8:16:[1,-2,8,-9,15,-9,8,-2,1]
8:16:[5,0,-10,0,10,0,-5,0,1]
8:16:[11,3,-22,-14,20,11,-7,-2,1]
8:16:[80,0,-80,0,40,0,-10,0,1]
8:16:[1,-2,-2,6,-10,6,-2,-2,1]
8:16:[121,-142,13,36,-30,11,3,-2,1]
8:16:[3,4,-2,-5,6,-7,7,-4,1]
8:16:[241,78,-217,-59,75,16,-12,-2,1]
8:16:[1,-4,-18,-12,15,7,-8,-1,1]
8:16:[401,-62,-287,41,70,-4,-7,-2,1]
8:17:[1,-2,3,0,-4,4,0,-2,1]
8:17:[1,0,-2,3,3,-3,-2,0,1]
8:17:[1,-2,6,-9,10,-8,6,-3,1]
8:17:[5,0,0,0,-2,0,0,0,1]
8:17:[1,-1,9,-10,-6,11,-1,-3,1]
8:17:[7,-2,-5,-3,1,5,0,-3,1]
8:17:[1,3,-2,-6,3,3,-3,-1,1]
8:17:[1,-1,5,-2,9,-2,5,-1,1]
8:17:[1,1,1,-2,-3,2,1,-1,1]
8:17:[1,-4,4,2,-4,0,3,-2,1]
8:18:[1,2,5,2,7,-2,5,-2,1]
8:18:[1,1,5,1,4,-1,5,-1,1]
8:18:[1,0,-2,0,0,0,1,0,1]
8:18:[1,0,2,0,0,0,-1,0,1]
8:18:[1,3,5,0,-3,-6,2,0,1]
8:18:[1,-3,7,-12,9,0,-2,0,1]
8:18:[1,0,-2,0,7,0,-2,0,1]
8:18:[4,0,0,0,1,0,-2,0,1]
8:18:[9,0,-9,12,1,-4,5,-2,1]
8:18:[9,-9,9,3,-2,7,-1,-1,1]
8:19:[1,0,-4,0,4,0,0,0,1]
8:19:[1,0,4,0,10,0,-4,0,1]
8:19:[20,48,24,-16,-2,12,0,-2,1]
8:19:[20,12,10,-22,-1,14,-3,-2,1]
8:19:[41,-66,65,-36,20,-8,5,-2,1]
8:19:[2,0,8,-16,22,-20,12,-4,1]
8:19:[5,-20,40,-40,24,-4,-4,0,1]
8:19:[1,-2,0,2,8,2,0,-2,1]
8:19:[10,-40,64,-52,30,-20,10,-2,1]
8:19:[13,54,47,-9,18,-15,5,-3,1]
8:22:[13,-4,16,-14,9,-10,4,-2,1]
8:22:[1,7,9,-20,0,10,-1,-3,1]
8:22:[4,0,-6,0,5,0,-3,0,1]
8:22:[13,-14,30,-14,18,-2,5,0,1]
8:22:[7,-14,16,-5,-6,8,-2,-1,1]
8:22:[13,4,-31,-14,24,12,-6,-2,1]
8:22:[37,-24,-20,34,-16,-4,9,-4,1]
8:22:[3,12,22,16,1,-8,-4,0,1]
8:22:[25,0,-50,0,33,0,-8,0,1]
8:22:[1,4,3,-4,0,-2,7,-2,1]
8:23:[1,-6,7,-9,1,-2,1,-1,1]
8:23:[-1,-3,2,-1,8,-8,4,-3,1]
8:23:[-1,1,2,-7,7,-7,7,-4,1]
8:23:[1,-1,1,-2,-1,-2,1,-1,1]
8:23:[-1,-1,0,3,-3,-1,5,-4,1]
8:23:[-1,11,-17,17,-7,0,3,-2,1]
8:23:[-2,0,-2,6,0,-8,8,-4,1]
8:23:[-2,8,-10,2,10,-14,10,-4,1]
8:23:[-1,-4,4,1,-2,-1,5,-4,1]
8:23:[-1,4,-4,-1,4,-7,7,-4,1]
8:26:[-1,2,3,-5,-2,6,-1,-2,1]
8:26:[3,-3,6,-9,0,6,0,-3,1]
8:26:[-1,-4,-8,-8,-1,0,-2,0,1]
8:26:[-1,-3,1,-3,5,-2,1,-2,1]
8:26:[13,0,0,0,-7,0,0,0,1]
8:26:[9,9,21,0,7,-1,5,-2,1]
8:26:[1,3,0,-8,1,9,-5,-1,1]
8:26:[2,0,0,0,1,0,0,0,1]
8:26:[1,2,1,-2,-2,2,1,-2,1]
8:26:[1,0,2,-4,0,-4,2,0,1]
8:27:[1,2,0,-3,-1,3,0,-2,1]
8:27:[1,-3,1,1,4,-2,-1,-1,1]
8:27:[1,1,2,3,0,2,2,-1,1]
8:27:[1,-3,8,-11,15,-11,8,-3,1]
8:27:[1,-6,13,-15,16,-10,7,-2,1]
8:27:[1,4,5,1,-1,1,0,-1,1]
8:27:[1,3,0,-7,-1,7,0,-3,1]
8:27:[1,2,2,-5,-4,5,3,-4,1]
8:27:[1,3,1,-6,-1,2,4,-4,1]
8:27:[5,-5,-5,10,-4,-2,4,-3,1]
8:29:[1,0,1,0,-1,0,-1,0,1]
8:29:[1,-2,1,-1,0,1,1,-1,1]
8:29:[1,2,3,2,-1,-2,-1,0,1]
8:29:[1,-2,5,-5,4,-1,-1,-1,1]
8:29:[1,0,-2,0,1,0,0,0,1]
8:29:[1,2,-1,2,7,-2,-1,-2,1]
8:29:[1,-2,4,-2,0,2,0,-2,1]
8:29:[7,5,8,8,9,0,6,-1,1]
8:29:[-1,-3,6,1,-5,3,0,-1,1]
8:29:[1,-4,7,-10,15,-10,3,-2,1]
8:30:[1,-1,2,-5,1,-5,2,-1,1]
8:30:[1,-1,0,6,-11,6,0,-1,1]
8:30:[1,3,2,-4,-1,4,2,-3,1]
8:30:[-4,16,-22,10,7,-12,9,-4,1]
8:30:[-2,-6,1,4,4,-4,-2,0,1]
8:30:[-2,0,0,0,4,0,4,0,1]
8:30:[-2,0,0,0,4,0,-4,0,1]
8:30:[9,18,10,10,-4,4,3,-2,1]
8:30:[2,4,5,-6,7,-8,5,-2,1]
8:30:[1,1,4,9,-1,-9,4,-1,1]
8:32:[4,0,3,0,0,0,1,0,1]
8:32:[4,0,-13,0,15,0,-6,0,1]
8:32:[7,14,0,-6,4,2,0,-2,1]
8:32:[2,-4,-2,6,-1,0,4,-2,1]
8:32:[1,2,6,4,13,-4,6,-2,1]
8:32:[2,-8,6,2,11,-16,8,-2,1]
8:32:[4,0,3,0,12,0,5,0,1]
8:32:[4,0,7,0,8,0,3,0,1]
8:32:[4,0,-3,0,0,0,-1,0,1]
8:32:[4,0,13,0,15,0,6,0,1]
8:35:[1,-2,4,-4,3,-2,1,-1,1]
8:35:[1,0,3,-2,1,-3,1,-1,1]
8:35:[1,2,0,-2,-1,1,0,-1,1]
8:35:[1,-2,1,1,0,2,-2,-1,1]
8:35:[1,1,-1,-2,1,2,-1,-1,1]
8:35:[1,-2,4,-5,5,-5,4,-2,1]
8:35:[1,2,2,-1,0,3,0,-1,1]
8:35:[1,1,-3,0,3,-2,2,-2,1]
8:35:[1,-1,4,-3,-5,7,0,-3,1]
8:35:[1,-2,4,-5,7,-5,4,-2,1]
8:38:[1,2,2,0,1,0,2,-2,1]
8:38:[7,0,0,-6,-1,6,0,-2,1]
8:38:[1,-2,5,-3,-5,5,3,-4,1]
8:38:[1,0,8,4,8,1,2,-1,1]
8:38:[3,-6,8,-14,16,-10,8,-2,1]
8:38:[1,2,2,-2,0,2,2,-2,1]
8:38:[9,-8,10,-4,3,-4,6,-4,1]
8:38:[11,0,-4,0,7,0,-1,0,1]
8:38:[1,4,9,-2,13,-6,6,-2,1]
8:38:[9,4,4,-8,2,-4,4,0,1]
8:39:[1,0,1,0,1,0,0,0,1]
8:39:[1,1,-1,-3,2,3,-1,-1,1]
8:39:[1,1,0,1,2,-1,0,-1,1]
8:39:[1,-1,1,1,-2,1,1,-1,1]
8:39:[1,0,-3,0,2,0,1,0,1]
8:39:[1,0,1,0,0,0,0,0,1]
8:39:[1,0,-1,0,0,0,0,0,1]
8:39:[1,0,-1,0,1,0,0,0,1]
8:39:[1,0,4,0,4,0,1,0,1]
8:39:[1,0,-4,0,4,0,-1,0,1]
8:40:[1,-1,3,0,-2,4,0,-1,1]
8:40:[-1,-1,3,0,2,-4,0,-1,1]
8:40:[-1,-1,-1,2,4,-7,7,-3,1]
8:40:[1,-2,2,-4,5,-4,2,-2,1]
8:40:[1,2,0,-4,0,4,0,-2,1]
8:40:[-1,6,-12,6,2,-8,8,-4,1]
8:40:[-3,5,-7,10,-4,3,1,-3,1]
8:40:[1,6,6,0,1,-4,2,-2,1]
8:40:[-1,5,-8,2,-4,4,-1,-1,1]
8:40:[-1,-1,-10,-3,6,3,-2,-2,1]
8:44:[1,-1,2,-3,3,-3,2,-1,1]
8:44:[1,-2,2,-1,1,-1,2,-2,1]
8:44:[1,1,-1,0,1,0,-1,-1,1]
8:44:[1,-1,1,0,-1,0,1,-1,1]
8:44:[1,0,0,-1,1,-1,0,0,1]
8:44:[1,1,-1,-1,1,1,-1,-1,1]
8:44:[1,-3,5,-6,7,-6,5,-3,1]
8:44:[1,-1,1,-2,3,-2,1,-1,1]
8:44:[1,-3,5,-5,6,-4,3,-1,1]
8:44:[1,0,-2,2,1,-4,5,-3,1]
9:1:[-1,5,10,-20,-15,21,7,-8,-1,1]
9:1:[-1,9,0,-30,0,27,0,-9,0,1]
9:1:[-1,7,7,-73,-32,66,11,-16,-1,1]
9:1:[1,-8,-150,-427,34,278,11,-32,-1,1]
9:1:[-77,1050,770,-2281,-72,572,7,-46,-1,1]
9:1:[721,385,-1757,-1483,460,572,7,-46,-1,1]
9:1:[-12691,21609,0,-10290,0,1323,0,-63,0,1]
9:1:[-5831,21609,0,-10290,0,1323,0,-63,0,1]
9:1:[-7201,9063,1710,-4902,228,855,-38,-57,0,1]
9:1:[-703,-4275,-7524,-3192,1254,855,-38,-57,0,1]
9:2:[1,6,-9,-38,12,54,-4,-15,0,1]
9:2:[8,60,-32,-157,46,103,-8,-20,0,1]
9:2:[-53,57,201,-161,-147,93,38,-18,-3,1]
9:2:[56,84,-224,-295,154,181,-14,-26,0,1]
9:2:[-37,-69,243,119,-429,117,74,-24,-3,1]
9:2:[433,1143,-832,-1333,257,409,-13,-38,0,1]
9:2:[-248,804,-88,-787,140,259,-22,-32,0,1]
9:2:[232,-2172,-4600,-1711,1004,559,-46,-44,0,1]
9:2:[-449,480,1632,-575,-921,327,101,-36,-3,1]
9:2:[2619,279,-5616,-3097,999,733,-39,-50,0,1]
9:3:[-2,0,4,-5,-1,6,-5,4,-3,1]
9:3:[1,5,3,3,0,0,-3,0,-1,1]
9:3:[2,4,6,5,5,2,-3,-2,-1,1]
9:3:[5,10,-5,4,4,6,-6,-1,-1,1]
9:3:[2,10,6,-3,2,9,-2,-5,0,1]
9:3:[-5,0,7,-2,-6,-2,4,1,-3,1]
9:3:[-3,2,-7,6,-1,6,-1,-3,-1,1]
9:3:[-4,-8,-8,11,4,-13,4,5,-4,1]
9:3:[8,8,-8,-1,10,4,-4,-2,0,1]
9:3:[-3,0,-12,6,-21,9,-14,6,-3,1]
9:5:[1,0,0,3,0,0,-3,0,0,1]
9:5:[1,0,0,23,0,0,-7,0,0,1]
9:5:[1,6,6,27,18,24,-9,-6,0,1]
9:5:[27,0,0,27,0,0,-5,0,0,1]
9:5:[-26,-42,-54,-7,6,9,-6,3,0,1]
9:5:[-36,96,-56,-40,18,20,-7,1,-3,1]
9:5:[-80,200,-160,54,1,-4,-9,9,-4,1]
9:5:[-33,12,-4,-13,18,-6,3,6,-2,1]
9:5:[76,228,156,-48,-52,22,11,-7,-1,1]
9:5:[118,-295,306,-120,-10,33,-32,16,-4,1]
9:6:[-7,42,0,-98,0,63,0,-14,0,1]
9:6:[7,-63,-252,-189,105,126,-7,-21,0,1]
9:6:[503,-1368,1074,154,-546,154,56,-26,-1,1]
9:6:[-65,117,234,-429,-39,234,-13,-39,0,1]
9:6:[-3991,-2239,5570,-7,-1750,266,175,-38,-4,1]
9:6:[125,235,-239,-513,73,250,17,-30,-2,1]
9:6:[601,-3757,6873,-2877,-1386,707,91,-48,-2,1]
9:6:[8933,2528,-10008,-5908,770,1001,49,-52,-3,1]
9:6:[-39349,-77976,-48735,-5016,5472,1539,-135,-72,0,1]
9:6:[13357,19494,-9747,-11343,1197,1539,-45,-72,0,1]
9:7:[-8,-132,204,81,-219,39,51,-15,-3,1]
9:7:[127,339,57,-373,-141,123,40,-18,-3,1]
9:7:[11,141,-180,-209,159,135,-23,-24,0,1]
9:7:[-64,-192,996,-273,-435,141,63,-21,-3,1]
9:7:[344,356,-718,-729,330,350,-3,-34,-1,1]
9:7:[-97,3052,-779,-3168,-148,626,46,-43,-2,1]
9:7:[-1000,308,1360,-585,-456,211,54,-26,-2,1]
9:7:[-27,405,-54,-613,95,237,-9,-28,0,1]
9:7:[-1375,-4050,-3825,-636,930,396,-50,-39,0,1]
9:7:[2619,-13923,13140,-22,-3243,613,207,-53,-3,1]
9:10:[5,-4,-8,17,-15,8,-3,3,-3,1]
9:10:[-3,1,-1,2,1,3,-2,-1,0,1]
9:10:[-1,8,-15,13,-13,9,-3,4,0,1]
9:10:[1,3,8,4,-2,8,-4,6,-3,1]
9:10:[-2,0,0,6,0,0,0,0,0,1]
9:10:[6,-2,4,6,-4,10,-6,6,-2,1]
9:10:[1,3,4,0,0,0,0,2,-1,1]
9:10:[1,3,0,-2,5,-1,-1,5,-3,1]
9:10:[-1,-8,-17,4,9,10,-1,-5,-1,1]
9:10:[-5,21,-39,36,-12,-6,3,3,-3,1]
9:11:[1,0,0,12,0,0,-6,0,0,1]
9:11:[-1,3,-3,-3,-6,3,-3,3,0,1]
9:11:[-4,-18,-36,-21,0,9,0,0,0,1]
9:11:[-11,24,-9,-20,-24,0,-4,3,0,1]
9:11:[1,3,6,0,-3,3,-3,3,-3,1]
9:11:[7,-9,0,33,-27,27,-3,0,0,1]
9:11:[1,-6,10,3,-6,18,-9,8,-2,1]
9:11:[-6,-11,-12,-3,0,9,6,-2,-2,1]
9:11:[-15,27,-9,-36,6,27,-1,-9,0,1]
9:11:[19,-6,18,-13,8,-10,-1,2,0,1]
9:12:[1,4,4,-4,-7,2,4,-3,-1,1]
9:12:[1,3,3,4,1,-2,-5,-2,0,1]
9:12:[-1,1,-3,-1,7,-6,0,5,-4,1]
9:12:[-1,-1,-3,-6,2,3,-3,-1,0,1]
9:12:[-1,6,-9,1,3,0,-2,3,-3,1]
9:12:[1,-3,3,2,-3,0,-5,0,0,1]
9:12:[1,-3,3,2,-2,-1,-3,1,0,1]
9:12:[-1,-1,-1,-4,2,1,-3,-1,0,1]
9:12:[1,-5,11,-14,8,1,-7,7,-4,1]
9:12:[1,-5,11,-12,2,7,-9,7,-4,1]
9:17:[1,-5,2,20,-22,-14,22,-2,-4,1]
9:17:[1,-7,12,10,-36,10,18,-8,-2,1]
9:17:[1,-8,18,0,-36,20,14,-10,-1,1]
9:17:[3,9,-9,-36,9,45,-3,-18,0,1]
9:17:[-1,13,-5,-52,23,47,-10,-15,0,1]
9:17:[-1,-10,-32,-28,28,42,0,-12,-1,1]
9:17:[1,-6,6,18,-30,-6,24,-6,-3,1]
9:17:[1,-6,6,20,-36,0,22,-6,-3,1]
9:17:[7,56,-7,-105,0,63,0,-14,0,1]
9:17:[-1,-11,-40,-48,14,48,8,-12,-2,1]
9:18:[1,0,0,0,0,0,-1,0,0,1]
9:18:[1,1,0,5,1,-5,3,2,-2,1]
9:18:[-1,0,0,1,0,0,0,0,0,1]
9:18:[-1,0,-1,-1,7,-4,-2,5,-3,1]
9:18:[-1,4,-6,15,-24,28,-21,12,-4,1]
9:18:[1,-1,-5,-6,-10,-5,-5,1,0,1]
9:18:[1,0,0,-4,0,0,-2,0,0,1]
9:18:[-3,6,-6,-3,9,-9,1,4,-3,1]
9:18:[-1,0,0,2,0,0,0,0,0,1]
9:18:[1,3,-2,-8,3,7,0,-3,-1,1]
9:20:[1,3,-2,-8,-1,8,2,-4,-1,1]
9:20:[1,-1,3,-9,11,-7,-1,4,-3,1]
9:20:[1,1,0,1,-7,6,-5,4,-3,1]
9:20:[1,2,0,-5,-5,5,4,-3,-1,1]
9:20:[-1,0,3,-5,1,2,-2,1,-1,1]
9:20:[-1,1,6,-8,-5,9,0,-4,0,1]
9:20:[1,-3,7,-9,7,-4,-1,3,-3,1]
9:20:[1,3,0,-5,2,0,-5,4,-2,1]
9:20:[1,-4,-5,-9,-10,-7,-4,0,0,1]
9:20:[-1,5,-10,15,-14,10,-7,6,-4,1]
9:21:[1,1,-6,13,-7,7,-9,7,-3,1]
9:21:[1,5,8,6,4,0,-2,0,-1,1]
9:21:[1,1,-4,5,-2,-1,3,-1,-1,1]
9:21:[-1,-2,-4,9,-12,15,-11,7,-3,1]
9:21:[1,2,6,1,-8,1,7,-1,-3,1]
9:21:[1,-8,24,-36,35,-20,7,1,-2,1]
9:21:[-2,-8,-16,-14,-2,4,0,-2,0,1]
9:21:[1,0,4,-2,7,3,0,2,-1,1]
9:21:[-2,2,2,2,-6,-4,4,4,-4,1]
9:21:[1,-3,0,6,-6,6,-6,6,-3,1]
9:22:[-1,-2,11,-11,5,-2,0,1,-1,1]
9:22:[1,0,-8,13,-16,17,-15,10,-4,1]
9:22:[-1,2,3,-8,3,5,-8,7,-3,1]
9:22:[1,0,-3,-3,18,-24,12,0,-3,1]
9:22:[1,-6,-3,-1,-6,3,-1,3,0,1]
9:22:[-1,6,-9,-3,6,9,-3,-3,0,1]
9:22:[-1,-3,-7,-6,13,1,-8,7,-4,1]
9:22:[-1,8,-14,1,5,4,-8,7,-2,1]
9:22:[1,6,-10,7,-15,6,-7,4,-1,1]
9:22:[-7,21,-28,14,7,-14,8,-1,-2,1]
9:24:[-1,1,0,6,5,3,0,3,-1,1]
9:24:[-1,-5,-8,-3,3,4,-1,-1,0,1]
9:24:[1,-3,7,-1,-3,11,-10,8,-3,1]
9:24:[-1,3,-2,5,1,4,-3,0,-1,1]
9:24:[1,1,0,0,0,1,-3,3,-2,1]
9:24:[-1,1,-6,4,-8,10,-6,4,-3,1]
9:24:[1,-3,9,-11,9,0,-7,6,-3,1]
9:24:[-8,4,-4,7,1,1,-2,0,-1,1]
9:24:[1,-8,26,-27,19,1,-7,8,-3,1]
9:24:[-2,2,4,6,4,2,-1,1,-1,1]
9:25:[-1,6,-9,1,9,-12,4,3,-3,1]
9:25:[1,6,6,-7,6,-3,-2,3,-3,1]
9:25:[-1,11,-21,4,26,-23,5,1,-2,1]
9:25:[1,5,9,7,-16,-11,14,1,-4,1]
9:25:[-1,-4,-4,-6,-16,-3,8,-2,-2,1]
9:25:[1,9,0,-27,-9,9,-3,0,0,1]
9:25:[-1,-6,24,-19,-3,9,-9,6,-3,1]
9:25:[13,-5,-22,23,-5,-19,17,0,-4,1]
9:25:[-1,-10,-32,-35,-14,-7,0,-5,-1,1]
9:25:[-1,-5,-8,-7,7,7,7,-6,-2,1]
9:28:[-1,2,0,-4,5,-2,-1,3,-2,1]
9:28:[-1,4,-7,4,5,-9,5,1,-2,1]
9:28:[1,-3,-1,5,-4,-2,4,-1,-1,1]
9:28:[1,1,-3,-1,3,0,1,-1,-1,1]
9:28:[-1,4,-5,1,4,-6,4,0,-1,1]
9:28:[1,0,-4,-2,3,3,0,-2,-1,1]
9:28:[-1,0,0,-1,3,-3,0,3,-3,1]
9:28:[-1,1,-2,2,1,-3,3,0,-1,1]
9:28:[1,-2,2,3,-6,1,5,-2,-2,1]
9:28:[-1,-1,2,4,2,-2,-3,-1,0,1]
9:29:[-1,-3,-2,-1,3,0,3,0,-1,1]
9:29:[-1,-6,10,-2,1,-4,6,-2,-2,1]
9:29:[3,-3,12,-19,10,0,-7,5,-3,1]
9:29:[1,-10,10,-7,7,1,1,-2,-1,1]
9:29:[1,6,5,-35,23,4,-4,-1,-1,1]
9:29:[-1,-8,-15,-5,13,9,-3,-4,0,1]
9:29:[1,-14,-7,5,2,-5,1,-2,-1,1]
9:29:[5,-14,4,-2,3,-8,8,2,-4,1]
9:29:[2,-14,18,-1,-15,4,11,-6,-1,1]
9:29:[2,4,-2,-2,4,-6,-3,-1,-1,1]
9:30:[1,-1,0,0,2,-2,0,2,-2,1]
9:30:[1,0,7,-9,-3,6,2,-3,-1,1]
9:30:[-1,-4,-9,-6,8,9,-3,-4,0,1]
9:30:[1,3,1,-3,-1,-2,-1,2,0,1]
9:30:[-1,1,0,2,0,1,-1,3,-2,1]
9:30:[-5,-1,3,-6,-5,8,1,-2,-2,1]
9:30:[-2,-2,2,-2,0,8,-2,-4,0,1]
9:30:[3,12,15,17,11,8,2,5,-1,1]
9:30:[-11,14,-19,13,-6,1,-1,0,-1,1]
9:30:[-2,4,2,9,-18,23,-18,11,-4,1]
9:31:[-1,3,-4,5,-6,6,-5,4,-2,1]
9:31:[-1,4,-8,11,-11,10,-7,4,-2,1]
9:31:[1,3,1,-2,-2,0,0,-1,0,1]
9:31:[1,-2,0,2,-1,2,0,-2,0,1]
9:31:[-1,3,-7,10,-13,13,-10,6,-3,1]
9:31:[1,1,0,2,0,3,-1,1,0,1]
9:31:[-1,-2,0,1,0,2,1,-2,-1,1]
9:31:[-1,1,-1,2,-4,3,-2,2,-2,1]
9:31:[1,0,-2,3,1,-4,2,1,-2,1]
9:31:[-1,2,-5,6,-7,6,-5,3,-1,1]
10:1:[1,-1,1,-1,1,-1,1,-1,1,-1,1]
10:1:[1,-3,12,1,20,-7,16,-2,5,-1,1]
10:1:[1,0,15,0,35,0,28,0,9,0,1]
10:1:[1,-12,12,43,-43,-34,34,10,-10,-1,1]
10:1:[-1,-3,18,7,-52,-11,46,8,-13,-1,1]
10:1:[-1,-5,25,5,-50,-1,35,0,-10,0,1]
10:1:[-11,0,55,0,-77,0,44,0,-11,0,1]
10:1:[32,-48,216,-8,218,-29,85,-7,14,-1,1]
10:1:[32,0,240,0,280,0,112,0,18,0,1]
10:1:[-32,0,240,0,-280,0,112,0,-18,0,1]
10:3:[1,0,1,-4,3,-1,2,-2,2,-2,1]
10:3:[1,-1,-2,4,0,-4,6,-7,6,-3,1]
10:3:[3,6,4,6,1,-2,2,-4,3,-1,1]
10:3:[1,-4,5,-8,9,-7,5,-4,2,-1,1]
10:3:[1,-3,3,1,-2,-2,10,-14,11,-5,1]
10:3:[1,0,2,0,-3,0,0,0,0,0,1]
10:3:[-1,6,-12,13,-9,3,3,-6,6,-3,1]
10:3:[1,-3,7,-4,0,3,-4,3,0,-1,1]
10:3:[-1,0,3,8,13,9,-2,0,2,-2,1]
10:3:[9,-9,12,21,-8,0,6,-2,-3,0,1]
10:5:[3,0,-5,0,5,0,-1,0,-2,0,1]
10:5:[21,-45,87,-102,99,-75,45,-24,9,-3,1]
10:5:[2,4,4,0,2,2,0,-2,0,0,1]
10:5:[13,22,3,-24,-3,6,-3,0,3,-2,1]
10:5:[1,1,-1,-1,6,-16,24,-22,13,-5,1]
10:5:[2,0,0,0,0,-2,0,0,0,0,1]
10:5:[3,0,0,0,0,-3,0,0,0,0,1]
10:5:[1,-1,-3,0,13,-7,-1,6,-1,-1,1]
10:5:[-1,0,0,0,0,-2,0,0,0,0,1]
10:5:[1,-3,3,10,-33,49,-33,10,3,-3,1]
10:8:[1,-2,0,-6,-1,-7,-1,-6,0,-2,1]
10:8:[1,6,2,-11,-2,7,1,0,-3,-1,1]
10:8:[-1,0,-7,0,-13,0,-5,0,2,0,1]
10:8:[-1,0,3,0,3,0,-4,0,-1,0,1]
10:8:[-1,0,-2,0,5,0,2,0,-4,0,1]
10:8:[-23,6,-9,-17,27,-18,21,-13,5,-3,1]
10:8:[-1,2,8,2,1,0,-5,6,1,-4,1]
10:8:[-11,44,-55,55,-22,-1,20,-17,13,-4,1]
10:8:[1,-8,17,0,-18,4,-17,0,-1,-2,1]
10:8:[1,-15,51,33,-41,18,3,-11,7,-4,1]
10:11:[2,2,1,0,4,0,-2,0,2,-2,1]
10:11:[3,0,-6,0,3,0,4,0,-4,0,1]
10:11:[1,-3,6,-10,12,-16,12,-10,6,-3,1]
10:11:[4,0,17,0,16,0,10,0,4,0,1]
10:11:[1,-3,2,-4,10,-8,10,-4,2,-3,1]
10:11:[1,-5,9,-11,14,-14,14,-14,11,-5,1]
10:11:[4,-4,0,-4,6,-2,4,-4,1,-1,1]
10:11:[1,0,19,0,-19,0,13,0,-5,0,1]
10:11:[1,-2,4,-1,-4,9,-4,-1,4,-2,1]
10:11:[3,-3,-2,4,10,-7,-7,2,7,-5,1]
10:15:[-1,0,0,0,1,0,2,0,2,0,1]
10:15:[-1,0,-2,0,-1,0,1,0,1,0,1]
10:15:[-1,0,3,0,-3,0,2,0,-1,0,1]
10:15:[-1,5,-6,-9,4,10,2,-6,0,-1,1]
10:15:[-1,-3,0,5,1,-5,-1,5,0,-3,1]
10:15:[-1,0,5,0,-3,0,-1,0,1,0,1]
10:15:[-1,-5,10,-14,12,4,-10,3,2,-3,1]
10:15:[-1,-2,1,1,-4,-3,4,1,-1,-2,1]
10:15:[-1,-3,-7,0,7,-5,-2,5,-2,-2,1]
10:15:[-1,-1,0,11,5,-9,1,5,-2,-1,1]
10:22:[1,-1,0,-3,2,2,2,-2,-1,0,1]
10:22:[1,-1,-1,3,1,-3,1,3,-1,-1,1]
10:22:[1,-1,2,-1,2,-2,0,-2,1,0,1]
10:22:[1,-1,0,-1,2,-1,2,-2,1,-1,1]
10:22:[1,1,2,-1,2,3,-2,2,1,-1,1]
10:22:[1,-2,4,2,-2,-1,-1,0,-1,0,1]
10:22:[1,-1,-1,0,2,-1,-2,3,0,-1,1]
10:22:[3,-9,15,-18,18,-15,12,-9,6,-3,1]
10:22:[1,-1,4,-5,10,-11,11,-9,5,-3,1]
10:22:[-1,2,-1,-5,2,4,-1,0,-1,-1,1]
10:24:[-4,0,8,0,0,0,-4,0,-2,0,1]
10:24:[-9,0,5,0,-10,0,10,0,-5,0,1]
10:24:[-1,0,1,0,-4,0,2,0,-1,0,1]
10:24:[-4,0,0,0,-4,0,2,0,-2,0,1]
10:24:[-4,0,5,0,0,0,5,0,0,0,1]
10:24:[-16,0,-31,0,-28,0,-2,0,4,0,1]
10:24:[-1,0,3,0,-1,0,0,0,1,0,1]
10:24:[-1,0,8,0,-15,0,-5,0,3,0,1]
10:24:[-9,0,25,0,-12,0,-7,0,3,0,1]
10:24:[-1,0,5,0,-20,0,10,0,-5,0,1]
10:34:[-4,0,-3,0,-4,0,2,0,0,0,1]
10:34:[-4,0,4,0,0,0,4,0,-1,0,1]
10:34:[-1,0,-3,0,-8,0,4,0,3,0,1]
10:34:[-1,0,5,0,-4,0,4,0,-1,0,1]
10:34:[-2,9,-13,-20,40,-21,1,2,4,-3,1]
10:34:[1,-8,-6,21,9,-30,24,-18,12,-5,1]
10:34:[-22,49,-45,40,-40,35,-19,2,4,-3,1]
10:34:[-1,7,-15,-18,28,6,-4,-10,7,-3,1]
10:34:[-2,-4,-4,-2,-11,-28,-11,-6,3,0,1]
10:34:[1,-1,2,2,-3,11,-3,2,2,-1,1]
10:37:[-1,-1,2,-6,8,-8,7,-5,4,-2,1]
10:37:[1,-1,-1,2,0,-1,0,2,-1,-1,1]
10:37:[1,0,-1,-3,2,1,2,-3,-1,0,1]
10:37:[-1,-1,7,-11,12,-9,7,-6,5,-3,1]
10:37:[-1,0,2,0,3,0,-4,0,0,0,1]
10:37:[1,-1,0,1,-1,1,-1,1,0,-1,1]
10:37:[-1,0,-1,0,5,0,-1,0,-2,0,1]
10:37:[-1,-2,2,1,0,4,-2,-1,1,-2,1]
10:37:[1,0,0,0,-1,-1,-1,0,0,0,1]
10:37:[-1,3,-4,8,-2,2,7,-5,6,-2,1]
12:1:[1,-1,1,-1,1,-1,1,-1,1,-1,1,-1,1]
12:1:[1,-2,5,-11,25,1,12,2,9,-4,3,-1,1]
12:1:[1,3,9,26,75,18,28,9,9,-1,3,0,1]
12:1:[1,8,-40,-46,110,71,-113,-43,54,11,-12,-1,1]
12:1:[1,-12,-36,31,105,-27,-112,9,54,-1,-12,0,1]
12:1:[1,12,-12,-79,79,103,-103,-53,53,12,-12,-1,1]
12:1:[1,4,15,55,201,85,84,50,31,-10,5,-1,1]
12:1:[13,0,-91,0,182,0,-156,0,65,0,-13,0,1]
12:1:[1,37,-112,-87,361,84,-396,-62,153,14,-22,-1,1]
12:1:[521,-508,508,-417,417,-235,235,-79,79,-14,14,-1,1]
12:2:[1,-1,0,1,-1,0,1,0,-1,1,0,-1,1]
12:2:[1,0,-1,0,1,0,-1,0,1,0,-1,0,1]
12:2:[1,0,0,0,0,0,-1,0,0,0,0,0,1]
12:2:[1,1,2,3,5,8,13,-8,5,-3,2,-1,1]
12:2:[1,0,0,4,0,0,17,0,0,-4,0,0,1]
12:2:[1,0,-6,0,31,0,-28,0,19,0,-5,0,1]
12:2:[64,0,0,-40,0,0,17,0,0,-5,0,0,1]
12:2:[1,2,11,-10,46,-13,49,-2,44,3,8,-1,1]
12:2:[64,0,-32,0,16,0,-8,0,4,0,-2,0,1]
12:2:[64,0,32,0,16,0,8,0,4,0,2,0,1]
12:5:[400,-1200,2160,-2360,1776,-720,276,-60,36,-10,6,0,1]
12:5:[343,931,1463,1475,1161,486,179,54,39,-13,14,-2,1]
12:5:[-80,-240,720,2200,1056,-1080,-844,180,216,-10,-24,0,1]
12:5:[1699,-1633,-406,720,271,-26,-71,-74,43,2,0,-3,1]
12:5:[26261,4618,21724,-607,6332,-2082,1077,-668,172,-87,22,-4,1]
12:5:[625,-1375,3150,-7080,15931,156,1427,78,145,-18,12,-1,1]
12:5:[5,420,-15,-2980,3126,1380,-2259,-120,486,0,-39,0,1]
12:5:[136161,-230256,202860,-106605,45121,-13190,3839,-780,211,-15,15,-1,1]
12:5:[-67,1128,7031,-10266,-4280,8104,-227,-1932,322,158,-35,-4,1]
12:5:[343,-2695,-609,21899,17219,-8838,-9515,54,1223,61,-60,-2,1]
12:10:[1,-4,8,-8,0,12,-16,12,0,-8,8,-4,1]
12:10:[4,-8,8,-8,4,4,-8,8,-4,0,2,-2,1]
12:10:[1,0,-2,0,3,0,0,0,-1,0,-1,0,1]
12:10:[1,-2,2,-7,18,-25,25,-14,-3,10,-4,-1,1]
12:10:[1,0,0,0,11,0,0,0,-5,0,0,0,1]
12:10:[1,-1,-2,-5,7,8,-7,8,7,-5,-2,-1,1]
12:10:[1,0,-1,0,9,0,-20,0,18,0,-7,0,1]
12:10:[4,-4,2,-10,5,2,8,-2,-1,-4,0,0,1]
12:10:[1,-4,8,-12,24,-44,56,-44,24,-12,8,-4,1]
12:10:[1,0,5,0,10,0,17,0,10,0,5,0,1]
12:11:[1,-6,19,-40,65,-81,81,-64,40,-20,9,-4,1]
12:11:[1,-1,4,-10,5,14,-19,1,15,-15,9,-4,1]
12:11:[1,0,1,1,1,-3,2,-2,-1,0,1,-1,1]
12:11:[1,-8,26,-55,95,-118,119,-88,55,-25,11,-3,1]
12:11:[1,0,0,-3,0,0,4,0,0,-2,0,0,1]
12:11:[1,3,7,9,5,2,-3,2,5,-1,2,-2,1]
12:11:[1,-1,1,-2,3,2,0,-3,1,-1,-1,0,1]
12:11:[1,-7,16,-5,-20,18,-1,-12,0,5,1,-2,1]
12:11:[1,1,2,4,7,-8,3,2,-3,2,0,-1,1]
12:11:[1,1,-1,5,-15,16,-9,4,5,-15,14,-6,1]
12:12:[3,6,9,-3,-14,4,10,-8,-2,7,-2,-2,1]
12:12:[1,-3,15,-15,24,-21,14,6,-15,9,0,-3,1]
12:12:[1,0,6,-8,12,-30,38,-28,24,-24,16,-6,1]
12:12:[-1,0,0,-3,0,0,4,0,0,-2,0,0,1]
12:12:[1,-4,5,4,-9,-5,22,-28,24,-16,8,-2,1]
12:12:[1,5,11,12,7,1,-8,1,7,-6,5,-1,1]
12:12:[1,-6,10,-13,15,-33,43,-48,37,-26,12,-4,1]
12:12:[1,-6,24,-62,129,-201,237,-201,129,-62,24,-6,1]
12:12:[1,4,12,18,20,16,18,20,12,-2,-4,0,1]
12:12:[-1,0,-2,0,-6,0,0,0,6,0,-2,0,1]
12:13:[-1,4,-9,9,2,-4,-2,-3,8,-3,1,-2,1]
12:13:[-1,4,-2,-3,-7,8,-1,4,-3,-1,3,-3,1]
12:13:[-1,10,-35,56,-34,-20,42,-14,-11,10,-1,-2,1]
12:13:[1,0,-6,12,-8,0,-16,44,-39,12,4,-4,1]
12:13:[-1,7,-25,49,-61,50,-21,-10,21,-17,10,-4,1]
12:13:[-1,2,-5,-5,17,-7,-9,6,3,0,0,-1,1]
12:13:[1,-5,32,-78,89,-74,69,-56,37,-22,12,-5,1]
12:13:[-2,0,12,4,-18,-12,0,12,12,-2,-6,0,1]
12:13:[1,2,-5,-26,-51,-54,-11,30,15,-4,-3,-2,1]
12:13:[1,4,9,26,31,-20,0,28,-22,6,-1,-2,1]
12:14:[1,-1,-1,-4,27,-47,35,-3,-11,3,5,-4,1]
12:14:[1,-4,10,-16,18,-11,-1,11,-10,2,3,-3,1]
12:14:[1,0,0,7,0,0,12,0,0,-2,0,0,1]
12:14:[1,-5,18,-33,28,-6,-1,-3,0,2,2,-3,1]
12:14:[1,0,0,-5,0,0,8,0,0,-4,0,0,1]
12:14:[1,1,6,-10,20,-44,49,-46,38,-17,5,-3,1]
12:14:[29,-106,202,-242,181,-68,-21,46,-25,3,5,-4,1]
12:14:[1,-1,-3,-2,-12,10,24,-14,-10,11,-1,-3,1]
12:14:[3,0,-18,0,45,0,-54,0,33,0,-9,0,1]
12:14:[1,6,5,-16,-6,12,-1,15,-26,9,6,-5,1]
12:18:[1,-2,4,-4,5,-4,6,-4,1,-4,1,0,1]
12:18:[1,0,0,0,-2,4,0,-8,13,-12,8,-4,1]
12:18:[1,0,-7,0,14,0,-3,0,-6,0,1,0,1]
12:18:[1,0,-2,4,1,-6,0,2,3,-2,1,-2,1]
12:18:[1,-6,14,-16,12,-12,12,-6,4,-4,1,0,1]
12:18:[1,0,-2,0,-3,0,3,0,8,0,5,0,1]
12:18:[1,-2,4,-8,21,-44,67,-74,62,-40,19,-6,1]
12:18:[1,-4,8,-4,-6,18,-20,0,24,-28,17,-6,1]
12:18:[1,0,-4,0,10,0,-12,0,9,0,-4,0,1]
12:18:[1,-1,-2,-7,12,4,9,-3,-2,-4,1,0,1]
12:25:[1,-3,1,7,-8,-4,13,-4,-8,7,1,-3,1]
12:25:[1,-3,9,-21,36,-48,53,-48,36,-21,9,-3,1]
12:25:[1,0,3,0,9,0,13,0,11,0,5,0,1]
12:25:[1,0,-3,0,12,0,-19,0,15,0,-6,0,1]
12:25:[3,-27,108,-258,420,-504,463,-330,186,-80,27,-6,1]
12:25:[1,-3,0,2,-4,7,-7,7,-4,2,0,-3,1]
12:25:[64,-96,0,104,-72,-28,57,-14,-18,13,0,-3,1]
12:25:[1,-2,4,-2,2,-2,-1,-2,2,-2,4,-2,1]
12:25:[1,6,15,19,15,9,2,-9,15,-19,15,-6,1]
12:25:[1,2,2,8,0,12,-7,-12,0,-8,2,-2,1]
12:27:[-1,-2,-4,3,11,-14,3,12,-17,13,-5,-1,1]
12:27:[1,3,-9,21,-39,54,-59,48,-21,-5,12,-6,1]
12:27:[-2,0,0,6,18,-42,34,-20,4,4,2,-4,1]
12:27:[17,44,6,8,27,-60,76,-76,55,-32,14,-4,1]
12:27:[7,-3,3,-35,135,-234,261,-216,135,-65,24,-6,1]
12:27:[148,0,212,0,144,0,72,0,20,0,4,0,1]
12:27:[7,-22,-6,81,-49,-90,67,34,-17,-17,7,-1,1]
12:27:[17,48,114,12,-45,-12,-12,12,15,-4,-6,0,1]
12:27:[37,0,271,0,518,0,391,0,130,0,19,0,1]
12:27:[27,-144,360,-488,311,14,-124,32,37,0,2,-2,1]
12:28:[1,0,0,-1,2,-8,8,-7,5,-1,2,-1,1]
12:28:[-1,1,0,-2,8,-17,27,-32,31,-23,13,-5,1]
12:28:[1,-5,6,8,-19,-6,31,-6,-19,8,6,-5,1]
12:28:[2,0,-2,0,6,0,-7,0,7,0,-3,0,1]
12:28:[-1,0,0,0,-5,0,-16,0,5,0,0,0,1]
12:28:[7,-21,40,-58,78,-60,70,-30,34,-8,9,-1,1]
12:28:[-1,0,-2,0,2,0,0,0,-2,0,-2,0,1]
12:28:[-1,0,0,-12,0,0,-12,0,0,-1,0,0,1]
12:28:[1,-2,2,-2,5,-8,12,-8,5,-2,2,-2,1]
12:28:[1,-2,-1,8,-6,-10,21,-10,-6,8,-1,-2,1]
12:29:[1,3,-4,-12,3,9,1,3,-4,1,3,-4,1]
12:29:[1,17,81,77,-82,-81,27,4,3,12,-4,-3,1]
12:29:[5,-30,-90,45,151,-21,-72,-25,26,15,-8,-2,1]
12:29:[1,32,-107,190,-212,145,-27,-58,55,-21,4,-2,1]
12:29:[1,16,22,-90,-101,204,105,-205,9,53,-10,-4,1]
12:29:[13,0,65,0,78,0,0,0,-26,0,0,0,1]
12:29:[13,0,-65,0,78,0,0,0,-26,0,0,0,1]
12:29:[1,16,-56,-103,146,191,-129,-140,48,40,-10,-4,1]
12:29:[8,0,32,0,-8,0,-56,0,-22,0,4,0,1]
12:29:[8,0,-32,0,-8,0,56,0,-22,0,-4,0,1]
12:37:[1,2,-4,-4,17,-4,-21,14,10,-20,15,-6,1]
12:37:[1,-4,8,-8,11,-16,8,0,7,-4,0,0,1]
12:37:[2,-8,24,-36,32,-20,10,-4,2,-4,6,-4,1]
12:37:[1,0,0,-2,0,0,-7,0,0,-2,0,0,1]
12:37:[1,-4,8,-16,23,-16,8,-8,11,-4,0,0,1]
12:37:[1,0,2,0,11,0,0,0,-9,0,-2,0,1]
12:37:[17,-36,58,-88,119,-132,134,-104,73,-36,16,-4,1]
12:37:[2,0,0,-4,0,0,6,0,0,-4,0,0,1]
12:37:[1,-2,0,-2,11,4,12,4,11,-2,0,-2,1]
12:37:[4,8,8,-52,77,-64,56,-52,35,-16,8,-4,1]
12:40:[2,-12,30,-44,57,-64,60,-48,34,-20,10,-4,1]
12:40:[19,75,126,105,24,-45,-43,-15,-9,0,6,0,1]
12:40:[4,24,78,160,183,144,140,72,12,-16,-6,0,1]
12:40:[16,-48,180,140,57,-108,-46,36,27,-8,-6,0,1]
12:40:[1,-2,-5,4,0,10,48,10,0,4,-5,-2,1]
12:40:[18,48,16,-64,-19,80,30,-52,-8,16,2,-4,1]
12:40:[16,0,72,0,129,0,132,0,18,0,-12,0,1]
12:40:[16,0,216,0,-63,0,-84,0,54,0,-12,0,1]
12:40:[-2,4,14,-80,49,128,-68,24,26,-4,2,0,1]
12:40:[1,0,3,6,-12,24,20,-24,-12,-6,3,0,1]
12:48:[1,-2,2,0,-2,3,0,-2,0,2,-1,-1,1]
12:48:[1,-1,1,-4,3,-3,5,-3,3,-3,2,-1,1]
12:48:[1,-5,13,-22,27,-19,7,5,-7,5,0,-1,1]
12:48:[1,0,-2,0,3,0,0,0,3,0,-2,0,1]
12:48:[1,-7,21,-36,42,-40,40,-35,26,-18,10,-4,1]
12:48:[1,-1,1,-4,2,-1,5,-1,2,-4,1,-1,1]
12:48:[1,0,-2,0,0,0,4,0,0,0,-2,0,1]
12:48:[1,0,0,0,3,0,0,0,-1,0,0,0,1]
12:48:[1,13,-7,20,-11,11,-1,2,1,-3,-1,-1,1]
12:48:[1,0,0,0,2,0,-2,0,2,0,0,0,1]
12:49:[-2,4,4,-12,0,4,12,-4,-14,6,4,-4,1]
12:49:[-1,6,-10,4,-3,12,-8,-4,5,-2,6,-4,1]
12:49:[1,-1,0,-1,-3,-4,0,-4,-3,-1,0,-1,1]
12:49:[2,2,-15,0,27,0,4,8,6,-2,-1,0,1]
12:49:[-2,-16,4,12,26,-24,0,-16,20,-6,4,-4,1]
12:49:[-2,-8,-8,8,22,8,-20,-24,-10,-2,-2,0,1]
12:49:[-11,64,-112,64,8,-12,0,0,3,-4,0,0,1]
12:49:[-8,48,-120,160,-120,48,-8,0,2,-4,2,0,1]
12:49:[-1,4,0,-40,-61,-16,34,32,4,-12,-4,0,1]
12:49:[5,-28,62,-80,83,-80,60,-32,16,-12,4,0,1]
12:51:[3,0,-9,0,18,0,-21,0,15,0,-6,0,1]
12:51:[29,-106,215,-331,400,-394,321,-216,121,-54,20,-5,1]
12:51:[7,0,-21,0,35,0,-35,0,21,0,-7,0,1]
12:51:[1,5,7,-3,-9,5,9,-5,-9,3,7,-5,1]
12:51:[8,0,-36,0,64,0,-57,0,29,0,-8,0,1]
12:51:[8,0,36,0,64,0,57,0,29,0,8,0,1]
12:51:[56,0,-140,0,140,0,-77,0,28,0,-7,0,1]
12:51:[56,0,140,0,140,0,77,0,28,0,7,0,1]
12:51:[-1,3,10,-1,-6,5,-7,-12,6,8,-3,-2,1]
12:51:[13,54,76,78,79,12,32,-20,11,-10,4,-2,1]
12:53:[1,0,3,-2,8,-10,11,-10,6,-4,3,-2,1]
12:53:[2,4,-2,-8,3,6,-7,0,4,-2,0,0,1]
12:53:[1,-6,14,-15,2,16,-22,13,0,-6,7,-4,1]
12:53:[1,0,1,-1,-5,2,9,2,-5,-1,1,0,1]
12:53:[-1,-3,6,19,-9,-39,-8,27,15,-7,-6,0,1]
12:53:[1,1,-2,-4,-3,2,7,-2,-3,4,-2,-1,1]
12:53:[1,-2,6,-1,2,6,8,-5,2,-4,0,-1,1]
12:53:[1,0,-1,4,-2,-2,8,2,-2,-4,-1,0,1]
12:53:[8,0,-24,0,33,0,-26,0,15,0,-6,0,1]
12:53:[5,0,-10,0,-1,0,-4,0,-5,0,-2,0,1]
12:54:[2,-8,12,-8,1,2,1,-6,11,-12,9,-4,1]
12:54:[2,4,-6,-2,9,-20,17,8,-14,-4,12,-6,1]
12:54:[-1,0,5,-10,11,-14,13,-12,14,-12,8,-4,1]
12:54:[1,-4,17,-32,37,-16,-5,18,-13,4,2,-2,1]
12:54:[1,0,3,-2,12,6,24,6,12,-2,3,0,1]
12:54:[-12,0,36,0,-27,0,-6,0,15,0,-6,0,1]
12:54:[29,0,-50,0,44,0,-26,0,12,0,-2,0,1]
12:54:[-1,0,-2,0,6,0,0,0,-6,0,-2,0,1]
12:54:[2,-8,0,32,-8,-60,76,-56,43,-28,12,-4,1]
12:54:[2,8,-10,-28,57,-56,32,-12,14,-8,2,0,1]
12:70:[4,0,0,-12,0,0,14,0,0,-6,0,0,1]
12:70:[31,-44,-6,48,21,-119,132,-81,44,-29,17,-6,1]
12:70:[4,0,0,-6,0,0,5,0,0,-3,0,0,1]
12:70:[1,6,-7,-26,184,-110,21,18,-4,-14,15,-6,1]
12:70:[4,0,0,-2,0,0,-1,0,0,-1,0,0,1]
12:70:[4,-32,116,-244,339,-330,235,-126,59,-26,12,-4,1]
12:70:[4,0,0,-8,0,0,14,0,0,-4,0,0,1]
12:70:[28,-32,-24,118,-58,-64,107,-19,-22,15,2,-3,1]
12:70:[1,6,14,18,24,7,29,-24,33,-22,11,-3,1]
12:70:[1,7,29,-194,325,-280,210,-161,117,-62,25,-6,1]
12:71:[4,0,0,-10,0,0,11,0,0,-5,0,0,1]
12:71:[4,0,0,-14,0,0,17,0,0,-7,0,0,1]
12:71:[256,16,137,-49,131,-24,41,-17,21,-4,3,-1,1]
12:71:[4,88,-288,-2530,-5090,-4112,-789,749,370,-20,-33,-1,1]
12:71:[225,-2700,-16200,146580,59355,-62640,-24842,6108,2736,-140,-96,0,1]
12:72:[400,-1400,1940,-1370,721,-625,534,-260,81,-30,14,-5,1]
12:72:[656,-2496,4176,-3944,2472,-1224,596,-252,144,-22,18,0,1]
12:72:[280720,1045440,1393920,726440,5016,-126720,-29284,6600,2556,-110,-84,0,1]
12:72:[48,-11952,-34560,10632,28440,-3240,-8516,372,1116,-10,-60,0,1]
12:73:[1,4,6,-7,-22,2,45,42,6,-11,-6,0,1]
12:73:[1,0,4,-4,14,-12,-6,20,-13,0,6,-4,1]
12:73:[1,-9,21,18,-118,88,102,-134,-1,47,-12,-3,1]
12:73:[-3509,-11253,-4356,13904,9900,-4653,-4122,531,639,-19,-42,0,1]
12:73:[351,702,-1755,-2223,3744,1053,-2184,-117,468,0,-39,0,1]
12:77:[1,-2,-2,4,2,-2,-1,-2,2,4,-2,-2,1]
12:77:[1,1,0,-1,1,0,-6,1,8,-1,-4,0,1]
12:77:[1,-2,6,-8,10,-10,5,-2,-2,6,-2,-2,1]
12:77:[1,-4,8,-8,6,-8,16,-20,17,-12,8,-4,1]
12:77:[1,-2,3,-4,2,6,-11,6,2,-4,3,-2,1]
12:77:[1,-4,10,-18,24,-22,15,-8,3,0,1,-2,1]
12:77:[1,0,-4,-2,6,4,-1,4,6,-2,-4,0,1]
12:77:[1,-1,3,-1,0,4,-3,4,0,-1,3,-1,1]
12:77:[1,-6,15,-18,12,-18,29,-18,12,-18,15,-6,1]
12:77:[4,-16,32,-32,16,0,0,-8,13,-12,8,-4,1]
12:86:[1,-10,31,-31,28,-32,29,-14,12,-8,3,-1,1]
12:86:[2,0,4,0,7,0,2,0,5,0,-2,0,1]
12:86:[1,8,19,21,18,17,4,7,5,-3,5,-2,1]
12:86:[2,0,-4,0,4,0,-2,0,2,0,-2,0,1]
12:86:[-1,0,0,0,-2,0,-2,0,2,0,0,0,1]
12:86:[2,0,10,0,21,0,20,0,4,0,-6,0,1]
12:86:[-2,0,0,0,5,0,0,0,-8,0,0,0,1]
12:86:[1,-4,10,-16,17,-4,-8,20,-15,0,6,-4,1]
12:86:[-2,0,-4,0,19,0,-26,0,17,0,-6,0,1]
12:86:[-1,3,-16,24,7,-19,-15,25,-12,1,5,-4,1]
12:116:[3,0,0,-3,0,0,1,0,0,-1,0,0,1]
12:116:[3,0,0,-3,0,0,3,0,0,-3,0,0,1]
12:116:[16,0,0,8,0,0,-4,0,0,-2,0,0,1]
12:116:[3,0,0,-6,0,0,12,0,0,-6,0,0,1]
12:116:[4,0,0,4,0,0,0,0,0,-2,0,0,1]
12:116:[1,-62,-92,123,75,-16,-1,-10,27,1,-3,-3,1]
12:116:[2316,-1332,1512,-1650,2191,-1242,506,-216,75,-42,20,-6,1]
12:116:[-464,-1584,-144,1560,1344,-648,-868,108,216,-6,-24,0,1]
12:116:[220,-560,36,766,-578,-140,559,52,-52,-28,-1,0,1]
12:116:[9679,1926,4585,922,1793,54,290,-23,25,-11,3,-3,1]
12:117:[3,-6,15,-30,69,-114,166,-164,124,-64,25,-6,1]
12:117:[5,0,0,-10,0,0,9,0,0,-4,0,0,1]
12:117:[-1,0,0,6,0,0,-5,0,0,-2,0,0,1]
12:117:[16,-8,-58,88,-18,-70,84,-24,-29,24,-1,-4,1]
12:117:[5,-30,81,-16,-88,166,-55,-70,60,-12,9,-6,1]
12:117:[576,864,1944,-3504,2322,-2052,938,-348,171,-16,18,0,1]
12:117:[15264,-8640,-3888,-1056,954,-108,634,324,63,-48,-12,0,1]
12:117:[125,0,0,-200,0,0,95,0,0,-12,0,0,1]
12:117:[625,0,0,-300,0,0,75,0,0,-12,0,0,1]
12:117:[-54684,-10584,150822,103236,-63315,-77868,-15434,5772,2043,-112,-78,0,1]
12:118:[-1,0,0,2,0,0,2,0,0,-3,0,0,1]
12:118:[7,45,126,160,78,-18,-25,-6,-9,-1,3,0,1]
12:118:[1,-12,54,-31,117,-27,114,-9,54,-1,12,0,1]
12:118:[12,72,162,138,-27,-162,-90,54,54,-6,-12,0,1]
12:118:[1,0,0,-5,0,0,6,0,0,-2,0,0,1]
12:118:[617472,387072,41472,-198144,5184,20736,4032,576,-432,-96,0,0,1]
12:118:[7236,-15552,19440,-10080,3510,648,132,-288,216,-24,0,0,1]
12:118:[-11159,-184794,-385365,209072,205062,-50718,-37845,4596,3066,-142,-105,0,1]
12:118:[26896,161376,363096,347352,65313,-106272,-50776,7080,5310,-96,-144,0,1]
12:119:[1,0,0,-8,0,0,14,0,0,-7,0,0,1]
12:119:[1,0,0,4,0,0,-4,0,0,-1,0,0,1]
12:119:[80,480,1080,1040,225,-270,-135,0,0,0,0,0,1]
12:119:[880,2040,1620,730,405,-90,-290,0,90,0,-15,0,1]
12:119:[121,0,0,-121,0,0,51,0,0,-11,0,0,1]
12:119:[1331,0,0,-902,0,0,259,0,0,-28,0,0,1]
12:119:[671,2795,4135,1972,-445,-95,494,45,-95,28,10,-5,1]
12:119:[27,0,0,-45,0,0,33,0,0,-7,0,0,1]
12:119:[590480,2032800,2504700,1215280,17985,-178200,-39450,8040,3015,-120,-90,0,1]
12:119:[-67280,-100920,151380,213150,2001,-73080,-20347,4830,2124,-90,-78,0,1]
12:121:[1,0,0,-2,0,0,2,0,0,-1,0,0,1]
12:121:[1,0,0,-3,0,0,4,0,0,0,0,0,1]
12:121:[-1,5,2,-17,-5,25,8,-23,-5,9,-1,-1,1]
12:121:[1,0,0,4,0,0,3,0,0,-2,0,0,1]
12:121:[-9,36,-54,90,0,-99,86,1,-40,20,1,-4,1]
12:121:[1,0,0,11,0,0,30,0,0,-7,0,0,1]
12:121:[96,360,513,204,-261,-324,-51,108,54,-12,-12,0,1]
12:121:[12,9,27,-78,99,-81,111,-27,54,-3,12,0,1]
12:121:[1280,-3360,4916,-4594,3457,-1801,880,-415,190,-68,14,-4,1]
12:121:[-25,225,2250,4050,1350,-2025,-1310,315,315,-15,-30,0,1]
12:156:[-1,0,0,2,0,0,0,0,0,-1,0,0,1]
12:156:[-1,0,0,2,0,0,1,0,0,-2,0,0,1]
12:156:[2,0,0,0,0,0,0,0,0,-2,0,0,1]
12:156:[-1,0,0,4,0,0,0,0,0,-3,0,0,1]
12:156:[1,0,0,3,0,0,-2,0,0,-2,0,0,1]
12:156:[16,96,216,224,117,54,23,-12,-9,-2,-3,0,1]
12:156:[8,0,0,-12,0,0,6,0,0,-2,0,0,1]
12:156:[8,0,0,-8,0,0,10,0,0,-4,0,0,1]
12:156:[21,36,-27,-72,69,168,57,30,42,-12,-12,0,1]
12:156:[4,0,0,-2,0,0,1,0,0,-1,0,0,1]
12:180:[1,6,15,-4,33,-24,41,-27,27,-14,9,-3,1]
12:180:[1,0,-3,2,9,-3,-1,0,3,-2,0,0,1]
12:180:[1,-3,6,-13,18,-9,20,-21,6,-5,6,-3,1]
12:180:[4,-8,8,-8,8,-16,24,-8,5,-6,2,-2,1]
12:180:[1,-4,11,-15,5,21,-39,21,5,-15,11,-4,1]
12:180:[1,0,3,0,15,0,6,0,-9,0,3,0,1]
12:180:[4,0,16,0,32,0,32,0,13,0,4,0,1]
12:180:[1,0,-6,0,10,0,-18,0,13,0,-2,0,1]
12:180:[1,0,-9,-8,18,36,45,36,18,-8,-9,0,1]
12:180:[2,12,12,-64,96,-48,6,0,12,-4,0,0,1]
12:219:[1,-1,-1,1,2,0,-3,0,2,1,-1,-1,1]
12:219:[1,-1,-2,5,-1,-4,5,-4,-1,5,-2,-1,1]
12:219:[1,-1,-2,0,6,-1,-5,-1,6,0,-2,-1,1]
12:219:[1,-1,1,-1,-1,2,-1,2,-1,-1,1,-1,1]
12:219:[1,-2,2,-2,1,2,-4,4,-2,0,2,-2,1]
12:219:[1,-3,2,4,-6,-1,7,-1,-6,4,2,-3,1]
12:219:[1,0,1,-2,1,-2,3,-2,2,-2,1,-1,1]
12:219:[1,1,4,2,7,1,7,-1,7,-2,4,-1,1]
12:219:[1,1,-1,-1,2,1,0,-1,2,1,-1,-1,1]
12:219:[1,1,-2,-2,3,1,-3,-1,3,2,-2,-1,1]
16:2:[1,0,1,0,0,0,-1,0,-1,0,-1,0,0,0,1,0,1]
16:2:[1,0,0,0,-1,0,0,0,1,0,0,0,-1,0,0,0,1]
16:2:[1,0,0,0,0,0,0,0,-1,0,0,0,0,0,0,0,1]
16:2:[256,-128,128,-160,80,8,24,10,-21,5,6,1,5,-5,2,-1,1]
16:2:[256,0,128,0,0,0,-32,0,-16,0,-8,0,0,0,2,0,1]
16:2:[256,0,-128,0,0,0,32,0,-16,0,8,0,0,0,-2,0,1]
16:2:[256,0,192,0,80,0,12,0,-11,0,3,0,5,0,3,0,1]
16:2:[1,0,0,0,0,0,0,0,47,0,0,0,0,0,0,0,1]
16:2:[6561,-2187,2187,-1944,648,189,54,168,-137,56,6,7,8,-8,3,-1,1]
16:2:[6561,2187,-2187,-2430,-810,-837,594,930,229,-310,66,31,-10,10,-3,-1,1]
16:3:[1,0,0,0,-7,0,0,0,48,0,0,0,-7,0,0,0,1]
16:3:[256,0,0,0,-16,0,0,0,-15,0,0,0,-1,0,0,0,1]
16:3:[256,0,576,0,704,0,1044,0,1029,0,261,0,44,0,9,0,1]
16:3:[6561,0,0,0,-567,0,0,0,-32,0,0,0,-7,0,0,0,1]
16:3:[256,0,0,0,112,0,0,0,753,0,0,0,7,0,0,0,1]
16:3:[6561,0,0,0,-2511,0,0,0,880,0,0,0,-31,0,0,0,1]
16:3:[256,0,368,0,9473,0,-7740,0,5156,0,-1710,0,308,0,-28,0,1]
16:3:[59536,0,-109540,0,63833,0,-12936,0,1544,0,-294,0,56,0,-4,0,1]
16:3:[65536,0,0,0,-12544,0,0,0,2145,0,0,0,-49,0,0,0,1]
16:3:[3600,-14400,14880,6000,-9104,-11176,11476,1020,-1053,766,-975,-130,258,18,-23,-2,1]
16:4:[16,0,32,0,56,0,96,0,164,0,48,0,14,0,4,0,1]
16:4:[16,0,-32,0,56,0,-96,0,164,0,-48,0,14,0,-4,0,1]
16:4:[81,108,90,21,-95,182,269,262,141,-137,42,13,-12,7,-1,-1,1]
16:4:[1,0,48,0,316,0,664,0,659,0,352,0,104,0,16,0,1]
16:4:[1,0,-48,0,316,0,-664,0,659,0,-352,0,104,0,-16,0,1]
16:4:[1,1,7,12,52,-55,238,-156,1275,156,238,55,52,-12,7,-1,1]
16:4:[104976,0,69984,0,40824,0,23328,0,13284,0,1296,0,126,0,12,0,1]
16:4:[16,0,256,0,1184,0,2352,0,2264,0,1104,0,266,0,28,0,1]
16:4:[104976,0,-69984,0,40824,0,-23328,0,13284,0,-1296,0,126,0,-12,0,1]
16:4:[22801,-20536,35356,-47628,32372,-8760,398,932,-468,-148,380,-180,25,4,6,-4,1]
16:8:[184,-128,-320,-32,272,-224,160,32,388,-144,280,-48,100,-8,16,0,1]
16:8:[376,1472,3840,5984,6000,3168,576,-608,-540,-144,72,48,20,-8,0,0,1]
16:8:[433,-344,1048,448,-184,-440,280,-160,310,-72,-8,0,40,-8,-8,0,1]
16:8:[1,8,-72,32,456,-312,-1176,544,1350,-360,-744,96,200,-8,-24,0,1]
16:8:[1,5,21,30,50,-75,674,-700,1239,700,674,75,50,-30,21,-5,1]
16:8:[7795,-8425,10695,-4920,1796,-3627,944,-1492,2007,-878,1034,-531,254,-114,27,-5,1]
16:8:[65536,-16384,-8192,1024,-1792,-3904,1760,340,-59,85,110,-61,-7,1,-2,-1,1]
16:8:[-1424,3456,7192,-12782,-12353,19146,9442,-14796,-3110,6206,169,-1367,122,142,-23,-5,1]
16:8:[1711,9889,19169,19024,28871,3012,27841,-8493,18077,-7367,6096,-1822,861,-154,49,-4,1]
16:8:[279841,109503,-5819,-33488,-29020,7953,9868,5196,1233,-1196,308,49,-36,16,-3,-1,1]
16:19:[1,-3,-1,18,-28,9,42,-98,131,-134,114,-85,56,-32,15,-5,1]
16:19:[1,-5,12,-24,53,-96,125,-125,111,-79,20,33,-40,15,3,-4,1]
16:19:[1,-2,2,-1,-1,-4,9,-8,3,5,0,-5,2,1,-1,-1,1]
16:19:[1,-1,-2,4,2,5,-13,-8,40,-8,-13,5,2,4,-2,-1,1]
16:19:[1,-6,17,-24,21,0,-17,30,-28,30,-17,0,21,-24,17,-6,1]
16:19:[4,0,-16,0,24,0,0,0,-24,0,24,0,12,0,-8,0,1]
16:19:[1,4,3,-6,-13,0,62,97,15,-13,17,0,17,-6,3,-1,1]
16:19:[1,0,0,0,16,0,0,0,66,0,0,0,-16,0,0,0,1]
16:19:[8,-64,224,-480,768,-992,992,-736,364,-80,24,-64,100,-72,32,-8,1]
16:19:[1,-4,10,-10,17,-28,190,-290,439,-414,358,-234,133,-64,22,-6,1]
16:25:[1,-4,8,-16,31,-52,68,-64,48,-32,34,-16,3,-8,2,0,1]
16:25:[1,-4,6,-16,44,-56,60,-88,83,-52,36,-12,-4,0,2,0,1]
16:25:[16,0,16,0,-4,0,36,0,29,0,-18,0,-1,0,-2,0,1]
16:25:[1,0,-1,0,-3,0,-2,0,14,0,-2,0,-3,0,-1,0,1]
16:25:[1,-8,30,-88,258,-624,1078,-1312,1143,-692,226,48,-96,40,0,-4,1]
16:25:[1,-4,26,-20,-97,172,54,-288,136,132,-144,16,35,-20,8,-4,1]
16:25:[4,-24,84,-184,286,-344,366,-388,291,-104,66,-92,41,0,2,-4,1]
16:25:[1,0,-5,0,13,0,-50,0,118,0,-50,0,13,0,-5,0,1]
16:25:[1,0,2,0,-6,0,16,0,95,0,16,0,-6,0,2,0,1]
16:25:[1,0,-6,0,29,0,-34,0,24,0,-16,0,9,0,-4,0,1]
16:34:[1,0,0,0,56,0,-56,0,30,0,-32,0,24,0,-8,0,1]
16:34:[1,4,4,-8,-9,4,10,-18,31,-30,38,-66,71,-46,20,-6,1]
16:34:[1,0,-1,0,32,0,-4,0,-17,0,4,0,8,0,-5,0,1]
16:34:[1,-8,16,20,-94,64,158,-406,403,-148,-28,22,-7,14,-5,-2,1]
16:34:[-2,-8,-8,16,48,40,-8,-48,-66,-56,-4,40,24,-8,-8,0,1]
16:34:[1,2,-12,32,60,-18,-114,-38,90,18,-54,6,23,-2,-6,0,1]
16:34:[49,0,-244,0,470,0,-460,0,271,0,-116,0,38,0,-8,0,1]
16:34:[169,0,88,0,-298,0,4,0,163,0,-76,0,14,0,-4,0,1]
16:34:[1,8,22,15,-3,26,63,18,-35,41,52,-47,12,15,-7,-1,1]
16:34:[1,10,31,22,32,8,32,30,-23,38,-16,-6,24,-26,17,-6,1]
16:51:[1,-14,122,-496,1046,-1078,156,846,-917,258,276,-250,38,32,-10,-2,1]
16:51:[16,0,48,0,76,0,84,0,9,0,-63,0,34,0,-9,0,1]
16:51:[1,0,-8,0,22,0,-32,0,70,0,-32,0,22,0,-8,0,1]
16:51:[9,0,-36,0,96,0,-144,0,127,0,-64,0,18,0,-4,0,1]
16:51:[1,0,0,0,20,0,0,0,6,0,0,0,-4,0,0,0,1]
16:51:[1,0,0,0,-20,0,0,0,6,0,0,0,4,0,0,0,1]
16:51:[16,0,0,0,-52,0,0,0,129,0,0,0,2,0,0,0,1]
16:51:[21,-78,276,-798,1741,-2424,2134,-1088,276,48,-110,48,-23,14,0,-2,1]
16:51:[16,0,0,0,-248,0,0,0,249,0,0,0,-2,0,0,0,1]
16:51:[900,-2880,4152,-5712,10744,-15972,14332,-6596,57,1842,-1202,426,-77,-22,24,-8,1]
16:60:[1,0,2,0,1,0,-6,0,12,0,6,0,1,0,-2,0,1]
16:60:[1,1,4,-1,2,-2,-9,-3,19,-23,13,-1,2,-3,3,-3,1]
16:60:[1,0,0,0,4,0,8,0,-6,0,-8,0,4,0,0,0,1]
16:60:[1,-1,9,-23,43,-57,55,-23,-12,32,-27,15,-1,-4,6,-3,1]
16:60:[1,-4,10,-28,58,-92,150,-180,212,-176,146,-88,58,-28,14,-4,1]
16:60:[1,0,4,0,4,0,4,0,10,0,-4,0,4,0,-4,0,1]
16:60:[1,11,48,-97,-64,119,38,-94,12,64,-4,-19,10,8,-2,-1,1]
16:60:[1,-2,5,7,19,-6,10,7,6,-6,5,0,4,-2,0,0,1]
16:60:[43,-164,345,-545,647,-590,422,-221,57,53,-97,79,-32,-2,10,-5,1]
16:60:[7,-7,-28,-9,78,112,-61,-183,32,183,7,-101,-8,31,0,-5,1]
16:109:[1,-4,6,-4,4,-4,0,-8,19,-8,0,-4,4,-4,6,-4,1]
16:109:[1,-2,6,-30,85,-114,52,56,-60,-66,190,-210,153,-82,32,-8,1]
16:109:[1,-6,14,-16,15,-28,40,-30,26,-30,20,-16,15,-8,6,-2,1]
16:109:[16,0,-64,0,111,0,-109,0,84,0,-61,0,32,0,-9,0,1]
16:109:[1,0,5,16,-25,8,57,-134,228,-322,367,-322,211,-102,35,-8,1]
16:109:[1,0,10,0,9,0,-68,0,138,0,-122,0,56,0,-12,0,1]
16:109:[7,-56,192,-364,416,-312,202,-152,89,-16,-6,-8,22,-24,14,-4,1]
16:109:[31,-116,336,-736,1056,-1000,702,-492,425,-360,238,-116,46,-20,10,-4,1]
16:109:[16,-32,48,-80,96,-120,140,-140,153,-140,106,-76,48,-24,10,-4,1]
16:109:[1,0,2,0,-19,0,18,0,20,0,-18,0,-19,0,-2,0,1]
16:190:[53,-78,196,-386,671,-988,1158,-1224,1192,-994,718,-456,246,-108,36,-8,1]
16:190:[1,9,17,-30,-11,-24,92,-48,-47,69,-34,3,7,-6,5,-3,1]
16:190:[619,-960,259,978,-547,-1044,673,312,-257,0,83,-30,-31,15,8,-6,1]
16:190:[-4,48,-160,288,-260,72,-24,216,-380,344,-192,48,6,-4,4,-4,1]
16:190:[-1,16,-112,332,-546,720,-940,1020,-800,416,-104,-36,54,-32,12,-4,1]
16:190:[5349969,0,-811863,0,329562,0,121527,0,18810,0,4248,0,633,0,42,0,1]
16:190:[10903,-17428,25436,-15128,16152,-11348,12772,-6752,4412,-2428,1748,-696,352,-92,20,0,1]
16:190:[-1,12,96,-184,-1772,-888,6936,8456,-1545,-5640,-1052,1296,434,-100,-48,0,1]
16:190:[-1,-592,-3951,22369,-587,-53758,-486,52792,11494,-21147,-8736,1912,1197,-46,-60,0,1]
16:190:[217219,-192684,527628,-294184,360012,-204228,141004,-69984,35920,-11444,5692,-1320,540,-60,36,0,1]
18:2:[1,0,0,-11,0,0,125,0,0,42,0,0,27,0,0,-4,0,0,1]
18:2:[1,3,9,26,75,216,622,150,234,80,90,36,28,-6,9,-1,3,0,1]
18:2:[1,24,72,-170,-534,405,1385,-459,-1782,276,1287,-90,-546,15,135,-1,-18,0,1]
18:2:[1,4,15,55,201,734,2680,1136,1130,704,550,366,210,-76,31,-10,5,-1,1]
18:2:[1,0,0,49,0,0,2385,0,0,786,0,0,305,0,0,-16,0,0,1]
18:2:[-1,-6,45,89,-466,-522,1831,1287,-3300,-1420,2914,711,-1259,-180,269,22,-27,-1,1]
18:2:[1,0,54,0,561,0,2316,0,4500,0,4164,0,1712,0,333,0,30,0,1]
18:2:[64,-480,3856,-592,10076,-328,19813,1270,15631,-2850,7777,-984,1810,-206,297,-16,20,0,1]
18:2:[-71,-330,1902,2893,-11091,-11088,24296,18921,-24138,-14385,12252,5340,-3347,-996,492,89,-36,-3,1]
18:2:[117649,-100842,103243,-86093,74137,-61096,50660,-12454,9184,-2414,1602,-406,232,-28,41,-6,7,-1,1]
18:12:[1,-12,48,-56,36,30,-9,-84,216,-64,-168,180,15,-48,-12,4,12,-6,1]
18:12:[1,0,0,16,0,0,15,0,0,0,0,0,15,0,0,-4,0,0,1]
18:12:[1,0,0,4,0,0,145,0,0,10,0,0,5,0,0,-6,0,0,1]
18:12:[1,0,0,-4,0,0,-9,0,0,-44,0,0,-9,0,0,-4,0,0,1]
18:12:[1,0,0,0,0,0,15,0,0,0,0,0,3,0,0,0,0,0,1]
18:12:[1,0,0,-42,0,0,51,0,0,-70,0,0,21,0,0,-12,0,0,1]
18:12:[1,0,0,0,0,0,543,0,0,0,0,0,3,0,0,0,0,0,1]
18:12:[-27,0,0,0,0,0,67,0,0,0,0,0,-49,0,0,0,0,0,1]
18:12:[8,0,0,-44,0,0,130,0,0,-99,0,0,65,0,0,-11,0,0,1]
18:12:[-4913,0,0,-942,0,0,-313,0,0,244,0,0,25,0,0,-2,0,0,1]
18:17:[1,-9,42,-135,348,-759,1377,-2010,2367,-2353,2070,-1605,1065,-606,303,-129,42,-9,1]
18:17:[1,0,0,6,0,0,7,0,0,-4,0,0,10,0,0,-2,0,0,1]
18:17:[1,0,0,-16,0,0,82,0,0,-50,0,0,25,0,0,-6,0,0,1]
18:17:[79,381,-319,-4367,-6240,4714,15963,4448,-12791,-7794,4484,3876,-833,-925,112,114,-14,-6,1]
18:17:[343,0,0,-268,0,0,307,0,0,-158,0,0,79,0,0,-15,0,0,1]
18:17:[-8,-168,-828,-276,4440,5976,-5103,-12804,-1350,9322,3831,-2898,-1776,384,342,-18,-30,0,1]
18:17:[13997521,0,0,11238213,0,0,2773366,0,0,-57335,0,0,3718,0,0,-43,0,0,1]
18:17:[262144,0,0,-160256,0,0,49465,0,0,-8536,0,0,889,0,0,-48,0,0,1]
18:17:[262144,0,0,-233984,0,0,77257,0,0,-11992,0,0,1033,0,0,-48,0,0,1]
18:17:[2048383,0,0,-1058780,0,0,234811,0,0,-24826,0,0,1519,0,0,-57,0,0,1]
18:23:[1,0,0,-5,0,0,12,0,0,-9,0,0,2,0,0,-1,0,0,1]
18:23:[1,-7,29,-79,154,-224,253,-232,181,-108,16,64,-87,51,-2,-20,16,-6,1]
18:23:[1,0,0,3,0,0,12,0,0,-11,0,0,6,0,0,-3,0,0,1]
18:23:[1,0,0,12,0,0,285,0,0,34,0,0,-3,0,0,-6,0,0,1]
18:23:[-125,750,450,-6175,-570,19710,3176,-29310,-9144,20685,9132,-6570,-3614,870,612,-35,-42,0,1]
18:23:[117649,0,0,-29841,0,0,366,0,0,-1141,0,0,354,0,0,-21,0,0,1]
18:23:[46656,0,0,-12312,0,0,-639,0,0,-594,0,0,267,0,0,-18,0,0,1]
18:23:[34896,-15120,170424,-35748,-150804,-4428,48987,14490,945,-4056,-3240,270,177,72,36,-18,9,0,1]
18:23:[125,1500,4950,-2525,-34320,-18900,84016,52290,-104526,-39545,65196,7470,-16668,-120,1692,-15,-72,0,1]
18:23:[47523,138402,132030,7146,-43209,-23787,3276,10323,-1323,-2565,-783,54,519,-117,36,-36,9,0,1]
18:49:[44,-270,531,-393,81,36,-30,-81,135,-2,-171,117,-33,0,36,-12,0,0,1]
18:49:[49,-252,576,-1026,1269,-1116,840,-270,135,-14,-261,72,-18,54,9,-12,0,0,1]
18:49:[-16,-24,552,930,-3051,-5184,6315,11283,-5475,-11198,1956,5220,-438,-1227,108,141,-18,-6,1]
18:49:[-1,-6,144,57,-2355,-786,13914,6729,-31773,-15305,28194,9264,-9306,-1968,1245,147,-63,-3,1]
18:58:[1,0,0,18,0,0,105,0,0,52,0,0,-9,0,0,-6,0,0,1]
18:58:[1,0,0,-4,0,0,-23,0,0,-14,0,0,13,0,0,-6,0,0,1]
18:58:[-6,-9,-36,-126,-279,-351,-438,-549,-675,-519,-369,-153,-9,54,51,-3,-12,0,1]
18:58:[64,0,0,288,0,0,492,0,0,200,0,0,0,0,0,-12,0,0,1]
18:58:[512,0,0,132,0,0,-172,0,0,159,0,0,99,0,0,-13,0,0,1]
18:58:[1624,-8316,23382,-38547,43923,-37362,26454,-16149,8067,-2363,-423,1035,-639,231,-33,-12,12,-3,1]
18:58:[-152,13152,114840,362568,486480,97776,-448596,-407400,38016,190960,47940,-33840,-14430,2400,1530,-54,-66,0,1]
18:58:[-614000,6540000,-22626000,28438400,-457200,-22446000,9316420,6161280,-3937860,-751352,728232,37476,-71192,-228,3798,-24,-102,0,1]
18:105:[52,-48,84,-204,141,-54,57,60,-117,222,-225,12,135,-162,123,-60,21,-6,1]
18:105:[36,0,-216,360,54,-612,1710,-2376,2790,-2640,2124,-1512,903,-486,219,-84,27,-6,1]
18:105:[64,-576,3888,-7008,5832,-1512,-36,-1368,2268,-1180,90,108,66,-72,27,0,0,0,1]
18:105:[-12,-108,-459,198,1026,486,-711,-630,0,-12,180,54,18,18,-27,-6,0,0,1]
18:105:[-27648,93312,167184,-143856,-102708,121500,7641,-52164,4374,13896,-81,-3240,-432,540,135,-36,-18,0,1]
18:105:[9377,80802,-110862,7392,212814,-171072,-76677,138708,-39204,-52560,24696,4536,-8061,-126,1026,0,-54,0,1]
24:4:[9,0,216,0,1944,0,8964,0,23994,0,39636,0,41580,0,27900,0,11853,0,3096,0,468,0,36,0,1]
24:4:[9,0,-216,0,1944,0,-8964,0,23994,0,-39636,0,41580,0,-27900,0,11853,0,-3096,0,468,0,-36,0,1]
24:4:[3678121,-8442256,13166192,-8825560,4908700,-1312864,2096640,-2677136,2182695,-1252576,729528,-533200,419642,-251688,126492,-62720,33008,-15664,6616,-2368,750,-200,48,-8,1]
24:4:[-71,-928,4040,33128,-104924,-195232,591816,426160,-1420137,-321856,1740480,-92848,-1153342,266424,414204,-147968,-78904,38144,7000,-5056,-90,328,-24,-8,1]
24:4:[31054921,82210736,174612144,189703064,155603964,66159088,3661744,-19426832,-10530361,-1769248,2627880,944976,106346,-282680,13308,-13616,19248,-5392,2280,-1328,430,-104,32,-8,1]
24:4:[-1607,6272,134856,-44008,-1907292,862192,6594424,-3744080,-9761833,6412256,7261296,-5341200,-2934094,2436808,649692,-644912,-70584,100544,1320,-9008,454,424,-40,-8,1]
24:36:[-3,0,0,0,0,0,0,0,0,0,0,0,90,0,0,0,0,0,0,0,0,0,0,0,1]
24:36:[2272,0,-66816,0,580032,0,-2310272,0,4912720,0,-5875904,0,3961776,0,-1482048,0,312910,0,-37392,0,2448,0,-80,0,1]
24:70:[260831689,-739852752,905220444,-106752880,-132166552,212323648,-112213492,-7435416,48201784,-57469832,43243420,-26669216,14519994,-6688888,2919196,-1077840,390143,-117368,35280,-8472,2080,-376,72,-8,1]
24:70:[-170471,1843968,6855884,-11450320,-30942912,30699088,57667708,-45235736,-55533296,39431608,30101700,-20970176,-9448286,6914632,1675436,-1415760,-146257,177032,1800,-12952,680,504,-48,-8,1]
24:70:[1132096,0,9149184,0,28494528,0,45922688,0,43063056,0,25021248,0,9318576,0,2256768,0,354840,0,35520,0,2160,0,72,0,1]
24:70:[1132096,0,-9149184,0,28494528,0,-45922688,0,43063056,0,-25021248,0,9318576,0,-2256768,0,354840,0,-35520,0,2160,0,-72,0,1]
24:70:[112021056,0,1106995456,0,3112244800,0,3896091136,0,2639884016,0,1059673440,0,262844576,0,40937136,0,3996844,0,239176,0,8298,0,148,0,1]
24:70:[1363907601,-406323288,-9557282224,6307426664,15916976740,-11443553856,-11991123780,8518428096,5286343940,-3423715608,-1538739820,825406400,310314262,-123868112,-43320400,11509424,4053023,-631984,-240668,18312,8356,-208,-148,0,1]
24:137:[32763896064,0,77759362368,0,76707989820,0,42471293112,0,14850875340,0,3473094024,0,558360891,0,62195634,0,4755915,0,242460,0,7761,0,138,0,1]
24:137:[53316657216,0,105414263136,0,91995070248,0,46826852328,0,15466761108,0,3486777192,0,548894178,0,60601770,0,4635657,0,237924,0,7692,0,138,0,1]
24:137:[32763896064,0,-77759362368,0,76707989820,0,-42471293112,0,14850875340,0,-3473094024,0,558360891,0,-62195634,0,4755915,0,-242460,0,7761,0,-138,0,1]
24:137:[53316657216,0,-105414263136,0,91995070248,0,-46826852328,0,15466761108,0,-3486777192,0,548894178,0,-60601770,0,4635657,0,-237924,0,7692,0,-138,0,1]
24:138:[785,0,44745,0,399623,0,1419537,0,2497728,0,2434893,0,1401010,0,494532,0,108917,0,14877,0,1215,0,54,0,1]
24:138:[-6561,19764,176715,-396756,-1071522,2323587,2564604,-6133309,-2534317,8298189,549329,-6098161,706578,2520841,-521768,-608338,149995,86906,-22000,-7146,1705,304,-66,-5,1]
24:138:[81,162,-11286,62532,-88668,-156420,487056,-30036,-882623,491778,778540,-698088,-340172,473862,46178,-175982,17949,35336,-7848,-3480,1058,146,-56,-2,1]
24:138:[38215,-271634,327183,1642341,-4170946,-1723006,12691618,-4904615,-15870808,11574697,9484679,-9449568,-2863324,3929196,365485,-924430,17613,126251,-11254,-9686,1330,371,-64,-5,1]
24:138:[909169,-3164410,-6280881,33124777,-6897163,-96962884,82902109,98007969,-132563570,-31497773,89389191,-6820056,-30784764,7209770,5737451,-1996805,-564332,273179,23513,-19836,255,718,-49,-10,1]
24:138:[31567,6833206,65461580,-374476530,-839542761,4409785434,-836295112,-6100448588,1982223599,3352028116,-1200441420,-933349062,348931901,145027578,-55957098,-13174220,5237873,707308,-290338,-21720,9261,342,-154,-2,1]
24:138:[-21726153,90617497,24095924,-410104116,46709232,809070429,-57614912,-855505027,-22782127,507277028,40307169,-180016364,-15546905,40204936,2420207,-5771115,-94893,522108,-15905,-27988,2009,779,-81,-8,1]
24:138:[81521149,551791586,1645869111,2641497819,2269571669,567259217,-709601814,-532066647,12889743,64784482,1671759,12032268,-1495683,-2460326,1564410,-953238,395876,-141446,42868,-10672,2539,-433,77,-8,1]
24:138:[783,28176,249101,-603240,-10453031,-14547279,76344824,190813085,8507626,-246286202,-102476577,120800534,69612679,-26633320,-19058896,2656518,2474704,-128943,-170973,2954,6481,-25,-127,0,1]
24:138:[52085026304,117925503168,116102383936,52061960295,-1135532479,-14764299653,-7044726588,-311246917,1150001624,464220384,14094731,-56969980,-16574788,75923,1840665,313337,-3198,-35097,-1110,-250,385,-47,13,0,1]
24:252:[6144,0,1376256,0,87263232,0,1678919680,0,7088307840,0,5718680064,0,1916808000,0,323179200,0,28964214,0,1367568,0,31692,0,312,0,1]
24:252:[14926654607648024,42272638083303936,62729327579300832,53291274902174528,31737630415970184,10967438325485952,2237729373123712,-251102552177808,-234162766948815,-48393971228624,858892441224,3348804387120,474293171260,-102037800336,-22866529320,1790642384,553770270,-18946800,-8177704,114000,75540,-304,-408,0,1]
24:252:[-347363244542952,-3133007996919552,2689182950223648,6831635923966784,-1013577979088376,-3978130427470080,-369922580712608,854408564015472,164248361228529,-81532974094416,-20194940851128,4143052098096,1229265817468,-122456145168,-43444192680,2170734800,948662622,-22689648,-12982824,128592,108372,-304,-504,0,1]
24:252:[6144,0,-1376256,0,87263232,0,-1678919680,0,7088307840,0,-5718680064,0,1916808000,0,-323179200,0,28964214,0,-1367568,0,31692,0,-312,0,1]
24:252:[9248655394986568,6467826052744704,-612892456878336,191188946822496,3075234366945936,-588849831067104,-331010472782072,104755770855936,26150912264601,-9754735769056,-1431167044104,732363198288,68490979608,-39654131664,-2785151232,1553230592,113610942,-39471264,-3654008,555408,70824,-2064,-456,0,1]
24:252:[39268952097954966,-35657858362630752,6903979963717104,5424055458349776,-3597477134688540,212987096703216,525640030853488,-96069536018496,-39798815508099,5388786600768,2248789546656,168277344336,-95568801720,-33751538928,1871712144,1793254400,50899968,-46932768,-3587328,594432,74052,-1632,-432,0,1]
24:252:[98004898446134994,128777038838341200,37037405995875000,-27877721659217664,-14825252971776168,2348432778225600,2320922716190176,-6695112783744,-211768579305099,-17896724160240,12077270984304,1911164629680,-411304869024,-105236521344,6288573312,3429739264,71450172,-64482624,-4826616,598320,76968,-1536,-432,0,1]
24:252:[288418080149355244,238441122048307680,22806208675913376,-37019012264975808,-11782882834578924,2094078889468368,1694630168376376,130237050518208,-114414969213999,-24949638945584,4429147600152,1847111364912,-54573368592,-79795033728,-2772922608,2307782272,182173986,-42399792,-4819064,475920,73740,-1680,-456,0,1]
24:252:[-3667028423545300,-1161987470154720,4845790785088416,1525072884108864,-2533744028007372,-837275154857424,665917757751064,245258178047424,-91520397875439,-40632460638928,5943407289624,3798971987952,-81818770320,-197329736928,-9663611760,5630893312,528646050,-85808592,-11296888,634320,116076,-1680,-552,0,1]
24:252:[-164142746398350,-135698312342160,920211696247032,933123272563776,-595227825036360,-797838554098944,49949129255152,224393966868096,16484807838645,-31091910849840,-3893826438864,2458528579440,367732638912,-117520774560,-19217111040,3423430912,598313052,-58520160,-11083128,525744,114984,-1824,-576,0,1]
24:2787:[4,36,129,106,-267,-630,202,276,-3,172,108,48,-62,-120,-12,-20,-18,0,7,6,9,-2,6,0,1]
24:2787:[-6,0,63,0,-270,0,465,0,-291,0,-102,0,84,0,222,0,-228,0,75,0,-6,0,-3,0,1]
24:2787:[-22,108,-282,604,-1152,1896,-2740,3456,-3582,2688,-756,-1548,3012,-2952,1692,-186,-639,738,-419,126,12,-34,18,-6,1]
24:2787:[-867,0,324,0,1602,0,-648,0,-549,0,648,0,-264,0,-168,0,135,0,-28,0,6,0,0,0,1]
24:2787:[-144,0,-432,0,-144,0,240,0,-216,0,72,0,72,0,72,0,-9,0,45,0,-9,0,3,0,1]
24:2787:[-8,72,-852,12376,-75036,191244,-218894,62406,105561,-103124,6084,35976,-12500,-9696,6672,1636,-2628,468,436,-216,-24,28,6,-6,1]
24:2787:[-432,0,-4752,0,-6516,0,-1504,0,225,0,-1440,0,-690,0,576,0,99,0,-48,0,-18,0,0,0,1]
24:2787:[-1200,0,-1440,0,5148,0,8736,0,-11403,0,-8037,0,3897,0,810,0,-918,0,198,0,9,0,-9,0,1]
24:2787:[3,0,318,0,2268,0,4514,0,7239,0,9900,0,7416,0,5796,0,3141,0,894,0,156,0,18,0,1]
24:2787:[-128,0,192,-1408,2400,-3456,3472,-1488,-456,-1528,2568,-1056,-2807,1908,174,-424,63,72,-44,-72,15,-4,6,0,1]
27:4:[7064,16716,-528300,-134797,7157724,2104236,-37059379,-15697422,88142967,44676536,-103930188,-50585529,71864499,28970679,-31587348,-9244050,9058716,1662003,-1689790,-152250,200187,3278,-14325,564,558,-45,-9,1]
27:4:[-1145024,-17057376,52146132,123185675,-419177382,-171844968,1223353523,-364627638,-1484013339,967374964,827108970,-838172511,-183437513,367102377,-16499340,-89943576,17637390,12493773,-3954764,-917742,438771,24482,-26013,834,774,-63,-9,1]
27:4:[-25335603712,94438886016,351060310848,-342544311528,-1115367730092,288793996140,1375518434359,10011571509,-859023603213,-119685765064,307340603535,66813748560,-67027417304,-18139395693,9185850576,2878494712,-797513781,-283378803,43238833,17594334,-1398765,-680582,24306,15693,-171,-195,0,1]
27:7:[-512,0,0,-6336,0,0,-27288,0,0,17121,0,0,12114,0,0,4527,0,0,1704,0,0,387,0,0,-18,0,0,1]
27:7:[-4195092529152,-49217424850944,-10113169489920,696552192737280,246456765186048,-1168519493246976,-327042977144832,750239375109120,148361442020352,-248210865668736,-31993489952640,47516156092944,3632692675968,-5549976356544,-216650401920,405064023480,5784664896,-18600835464,1516536,534403305,-3400056,-9389232,63720,95742,-360,-504,0,1]
27:294:[-58,10,166,-230,-272,1068,-6,-1886,1702,1746,-3510,278,3140,-1740,-1022,1722,-136,-620,222,2,-26,42,-86,-6,17,-9,-3,1]
27:294:[27,0,0,135,0,0,792,0,0,9568,0,0,-12720,0,0,10032,0,0,-3076,0,0,276,0,0,-3,0,0,1]
27:294:[185,1179,957,-1451,1182,606,-7574,3462,14619,8685,14643,17511,12980,11076,4668,2228,975,-507,-445,-909,-498,-226,-102,6,-19,3,-3,1]
27:294:[64,0,0,1616,0,0,11712,0,0,37248,0,0,44416,0,0,-2616,0,0,528,0,0,752,0,0,-36,0,0,1]
27:294:[48,24,-104,-496,-1888,-3632,112,2556,1358,9223,-3875,-3457,7178,-22872,28322,-5960,-33950,60456,-59402,40832,-21306,8852,-3086,960,-272,65,-11,1]
27:294:[-1728,0,0,459,0,0,3528,0,0,-3052,0,0,2094,0,0,-4104,0,0,-40,0,0,234,0,0,-30,0,0,1]
27:294:[-3375,0,0,-246375,0,0,88250,0,0,144050,0,0,-82200,0,0,200,0,0,4010,0,0,150,0,0,-35,0,0,1]
27:294:[-97336,0,0,216807,0,0,167640,0,0,-61624,0,0,-31440,0,0,8088,0,0,-944,0,0,36,0,0,0,0,0,1]
27:294:[-1728,0,0,1728,0,0,23616,0,0,4096,0,0,-25152,0,0,32640,0,0,-6680,0,0,672,0,0,-33,0,0,1]
27:294:[-5832,0,0,-16767,0,0,9720,0,0,-55620,0,0,4536,0,0,-1998,0,0,-1512,0,0,36,0,0,0,0,0,1]
27:993:[-64,-144,0,-324,0,0,-1728,1944,0,-2544,3312,-1215,0,0,0,1080,0,0,-336,-90,0,0,0,0,0,0,0,1]
27:993:[144,-729,-4860,44361,-131868,178848,-69174,-89505,63612,77859,-90234,24651,-21222,24732,-9774,2826,486,783,894,-1593,-90,0,216,9,-18,-9,0,1]
27:993:[-54,729,-3240,3969,6156,-13608,11988,-28998,16200,62856,-105624,31050,84024,-77220,-19656,52272,216,-25596,2448,9450,-1440,-2268,252,306,-18,-27,0,1]
27:993:[-12,108,-468,1188,-1692,36,6300,-16812,23049,-11877,-22401,63261,-80169,53253,3357,-52941,67428,-48888,19944,0,-6534,5406,-2712,984,-273,57,-9,1]
27:993:[-76800,451728,-1202400,2547216,-2815488,-1914912,6698880,-1328544,-6326208,2491464,4558320,-2919672,-1294080,1065528,315936,-189384,-96240,13473,20970,3657,-2880,-1680,648,48,-24,9,-6,1]
27:993:[-3896,-5976,-9504,79533,36864,-425844,517536,-291636,-162648,581808,-418248,-92556,457416,-248004,-232848,218970,71856,-95580,-13776,26100,1512,-4680,-72,540,0,-36,0,1]
27:993:[280473,729864,-1031310,-1128123,2426850,-429624,-1876572,1811538,-178677,-791232,566982,-26505,-144276,17568,86184,-66132,-225,33336,-26226,9315,18,-1896,1140,-414,93,0,-6,1]
27:993:[-447613,-4556457,-1031652,8660430,14367915,2629647,-1088577,1683873,-5021370,-983550,1397313,-175743,256392,114975,-202545,43587,50958,-61992,44205,-21105,5463,72,-1008,630,-225,54,-9,1]
27:993:[4096,-31248,76032,299556,-497088,-1072224,686016,1160856,-372600,-788928,-131832,658557,218520,-432036,-129816,210060,51768,-83916,-12264,24318,1512,-4572,-72,540,0,-36,0,1]
27:993:[262144,442368,0,589824,-1880064,-5225472,147456,5059584,3919104,-1314816,-2059776,11664,709632,101952,-373248,-59328,44064,46656,-20544,-216,0,1872,-864,0,-72,0,0,1]
